1.0099865E8 4.86157594E8 3.34841176E8 7.04784909E8 4.51372785E8 2641690.0 3.3791844E8 3.1565809E7 9.11170381E8 3.61013884E8 6.16229914E8 5.39385825E8 9.56387731E8 4.17805048E8 5.60504102E8 2.0842882E7 4.5095079E8 2.58445936E8 2.1063401E8 5.32178345E8 
9.3293612E7 5.16556289E8 8.48359071E8 7.8079443E7 1.0205075E8 9.31531127E8 6.52684467E8 4.9182547E8 4.93432963E8 7.42355806E8 9.03908453E8 3.55291065E8 5.77270013E8 8.29056515E8 6.37166723E8 8.82420772E8 1.04368061E8 6.07920862E8 9.2692615E7 5.0141175E7 
8.34743803E8 5.62598974E8 7.8753059E8 9.02278096E8 1.64460681E8 9.50422037E8 5.42229665E8 8.74898051E8 8.48207495E8 6.6175237E8 3.36082215E8 1.95594837E8 7.85423144E8 4.29904984E8 4.35763408E8 8.94593401E8 2.9968547E8 5.90157775E8 8.44764417E8 7.32144941E8 
3.34246654E8 3.68593383E8 7.5480283E8 3.94538825E8 5.11010653E8 2.44993252E8 3.45431776E8 6.40157964E8 5.5913605E7 2.78729602E8 9.74359125E8 6.87356625E8 1.80580883E8 4.12579431E8 5.28526439E8 2.7540464E7 6.282995E8 6.76609133E8 4.64786997E8 1.9680763E7 
7.41758197E8 9.02756917E8 8.59061131E8 7.6595844E7 5.90671319E8 3.0465153E7 6.04135911E8 9.88684684E8 4.09317663E8 3.34692099E8 7.48815582E8 9.47399042E8 8.37188165E8 9.39859432E8 8.54918185E8 1.28591956E8 2.3035159E8 7.96767152E8 1.63652555E8 2.74982269E8 
6.16810686E8 8.94235841E8 3.09199563E8 5.77326063E8 7.06035601E8 8.53211091E8 2.94859675E8 2.95487901E8 7.31025468E8 2.08292766E8 4.55918896E8 9.83455665E8 8.00662866E8 6.20127582E8 1.73423486E8 8.86445154E8 8.70790458E8 9.818304E8 1.74343171E8 6.3591508E7 
4.04352456E8 8.83576E8 3.56141898E8 5.6326291E7 2.84108083E8 1.81729714E8 2.0756379E8 4.70391104E8 5.65838458E8 4.82362066E8 6.248117E7 6.68538976E8 2.15631757E8 1.93718759E8 6.19940914E8 8.81327896E8 6.17459E7 4.28194106E8 3.9108383E8 4.35010959E8 
8.09712621E8 4.41582875E8 9.92401534E8 4.68380408E8 1.18759521E8 4.85861276E8 4.94833695E8 4.64523185E8 4.18292295E8 9.21475191E8 3.59498034E8 1.58798427E8 3.550921E8 1.86090093E8 8.43384375E8 9.00947822E8 5.05048067E8 7.48983121E8 1.42133044E8 3.47101908E8 
2.57658244E8 4.93735359E8 9.52057208E8 4.36547126E8 5.87196939E8 6.6607783E7 5.79857244E8 9.68468999E8 7.61360039E8 6.03961875E8 2.06015265E8 7.35489853E8 9.06364381E8 9.09312036E8 4.16645942E8 9.366964E7 7.46890708E8 5.89073062E8 6.58619401E8 5.2741008E7 
7.69924481E8 8.75793808E8 8.44061155E8 4.55700716E8 5.2346256E8 8.68642865E8 9.32872608E8 5.83481408E8 7.54217428E8 7.03140605E8 9.55705072E8 5.6827908E8 6.12865687E8 7.25607004E8 6.0485924E8 3.28213342E8 2.1105065E8 9.2521752E7 2.16871199E8 3.46348886E8 
4.01263287E8 3.4097021E8 6.98084781E8 5.08708496E8 7.68890076E8 3.83574327E8 7.03299629E8 3.88759138E8 4.75130048E8 6.9785139E7 1.67623006E8 8.19954404E8 7.70147347E8 9.25139365E8 1.12942573E8 3.3326811E8 7.07740047E8 9.31059648E8 5.02976463E8 5.3255631E7 
8.3596965E8 2.40004261E8 8.04646195E8 9.44030457E8 4.12609983E8 5.34248634E8 8.28556477E8 8.75646098E8 9.9993816E8 3.31307947E8 3.67655585E8 8.4172367E8 1.30304402E8 9.14986309E8 1.30689128E8 8.00768604E8 1.02081505E8 7.28264625E8 4.75848213E8 3.6469842E7 
8.65008884E8 2715839.0 4.90053362E8 6.36377973E8 3.84610224E8 1.18862994E8 3.0603221E7 6.73709137E8 8.37277541E8 6.92871846E8 4.48457503E8 9.4362384E8 4.80778975E8 6.67196437E8 8.46211653E8 6.53181087E8 6.9361221E7 7.46272608E8 8.88860206E8 2.9326962E8 
2.38282108E8 3.63081064E8 3.81734901E8 3.1170218E7 3.69522301E8 9.88377896E8 5.7542576E7 3.54003706E8 6.8589488E7 1617500.0 2.73216886E8 3.66171907E8 5.31742761E8 5.31068799E8 6.07337179E8 9.7999181E7 7.63628197E8 6.40352811E8 6.70156576E8 4.18134968E8 
8.17231467E8 9.89605768E8 7.90820612E8 6.58878284E8 9.71216973E8 6.31698697E8 6.30146978E8 8.61437234E8 3.4137035E7 9.17421102E8 1.82375485E8 6.27238111E8 7.70659104E8 5.78262393E8 7.5586955E7 9.21750124E8 7.81872472E8 9.31402249E8 5.58028527E8 8.18893275E8 
3.9900473E7 8.0874636E8 6.6371972E7 9.6948743E7 6.76458027E8 2.50321995E8 8.11970693E8 8.00992383E8 5.55658551E8 2.22073035E8 3.92470148E8 3.72223683E8 6.23288137E8 6.19071875E8 3.8665558E7 7.11164167E8 1.7929079E7 5.97391042E8 7.40289699E8 5.89550542E8 
4.5372915E8 8.41355123E8 1.5945259E8 1.54849651E8 4.4027629E8 7.17618875E8 9.36744348E8 8.81673843E8 4.91953725E8 3.93495255E8 7.22551034E8 2.15976712E8 5.9731307E8 9.04182493E8 2.4922569E7 3.3076119E8 8.68418403E8 8.42016756E8 7.55371152E8 8.66132959E8 
4.70777416E8 8.10603033E8 1.75267064E8 2.61884128E8 6.46390369E8 3.7653787E7 7.98038584E8 3.07393623E8 8.85611245E8 5.72590832E8 6.86170865E8 8.31481987E8 7.792991E7 3.08443593E8 4.97038667E8 3.3960382E7 7.77447886E8 6.62302037E8 5.77896172E8 8.20964725E8 
5.55734572E8 1.24560493E8 3.87886383E8 6.47767471E8 7.82914621E8 4.4414089E7 5.33722067E8 7.95611423E8 7.7251521E7 9.57546837E8 7.45728424E8 7.13211297E8 9.415626E7 4.81676343E8 1.92227657E8 3.8920156E7 2.87464074E8 3.06597279E8 6.32783887E8 1.861599E8 
7.68986319E8 8.7591897E7 4.4616582E7 9.22565994E8 4.16758879E8 1.14552432E8 5.21529248E8 2.02398489E8 9.38071772E8 4.73887218E8 4.40989349E8 6.22123088E8 6.80279906E8 4.625828E7 1.22534593E8 2.60667099E8 6.00557721E8 9.0425414E7 4.59469662E8 3.38707146E8 
9.55175499E8 3.51947588E8 2.95856622E8 8.5446905E7 9.49538488E8 6.05219788E8 6.4209099E8 4.3669456E8 8.0214475E8 2.88299494E8 1.74895245E8 7.04651385E8 4.18780809E8 4.22203603E8 8.51349603E8 1.57674508E8 1.47689353E8 3.19833583E8 8.81619824E8 5.27378319E8 
8.92105987E8 6.84412482E8 7.51330461E8 8.20790242E8 1.93477491E8 5.73294731E8 4.62071092E8 4.56879259E8 7.66836877E8 3.60235713E8 6.67312063E8 6.69625545E8 3.69225489E8 2.67684845E8 9.21045506E8 3.23902463E8 8.12715997E8 2.60392535E8 8.27756443E8 7.75793193E8 
3.95504101E8 9.2597814E7 4.84867593E8 1.75565572E8 1.7701327E7 8.3289924E7 2.42590872E8 6.59381067E8 7.72875019E8 7.57514111E8 4.71157366E8 2.04914385E8 8.62045446E8 8.36417855E8 7.21687105E8 5.364126E8 2.63764594E8 1.8471086E8 3.94498204E8 3.5632391E8 
7.12064926E8 2.31438418E8 7.87444848E8 3.53477454E8 1.83480302E8 6.8444116E7 1.86912166E8 8.91897896E8 2.75005755E8 9.00625128E8 4.85385246E8 1.9689029E7 5.66776572E8 7.73059088E8 6.62048541E8 4.54023292E8 3.06411157E8 5.32308497E8 3.4666108E8 4.96124784E8 
5.26376401E8 7.92685214E8 6.01991979E8 4.0923552E8 1.1398305E7 2.7298418E8 6389556.0 6.52905723E8 3.69854526E8 2.45171601E8 9.5596694E7 5.08551194E8 8.3124978E8 9.93740118E8 2.31714225E8 5.4071354E7 2.9128883E8 1.22919598E8 7252610.0 1.49424406E8 
5.56726292E8 2.68658567E8 3.63502112E8 8.0406251E7 7.04085933E8 2.7326862E8 7.04989913E8 7.74482637E8 9.59506866E8 1.62849647E8 4.25582284E8 5.0374506E7 5.3138748E8 3.31091362E8 4.26828387E8 1.92198819E8 3.83162663E8 1.77772377E8 4.05432278E8 2.49318379E8 
2.0463159E7 7.6254854E7 9.14277419E8 8.54655668E8 9.85070822E8 9.51499687E8 4.60218467E8 2.7077471E7 8.97496814E8 9.38603258E8 1.91893181E8 3.77558551E8 5.70674399E8 5.61583382E8 5.2096681E7 3.74184239E8 9.29171845E8 6.23119197E8 6.21799431E8 8.37653085E8 
2.11494835E8 5.28175493E8 2.66679401E8 6.36792805E8 2.07462295E8 7.791929E7 6.12077549E8 6.32703839E8 8.8303072E7 8.65062344E8 8.18575549E8 2.80496626E8 7.24035524E8 2.77740592E8 6.07932758E8 9.39190282E8 2.50855563E8 7.76267303E8 4.97909504E8 8.63191756E8 
5.0673181E7 5.45573883E8 2.44542292E8 5.2876329E7 2.35601568E8 8.45878669E8 6.1725226E7 6.27141698E8 1.92116367E8 3.85100244E8 7.9049213E8 1.47409546E8 7.32767851E8 8.1875904E8 8.24181789E8 3.70400108E8 9.2774142E8 4.6587088E7 2.60708153E8 2.36106505E8 
7.44227101E8 3.1979214E8 4.49446965E8 5.07747805E8 2.08472375E8 2.98899946E8 8.27788302E8 3.72080428E8 9.23556159E8 1.0932347E8 7.01194557E8 4.8130008E8 4.25336809E8 1.30286135E8 4.10641848E8 3.71867204E8 3.9690558E7 7.22451177E8 1.52612068E8 9.30940672E8 
6.16070603E8 3.50586803E8 5.6934201E8 5.97706423E8 7.55581628E8 5.89823185E8 1.10824823E8 2.84738702E8 9.26178565E8 3.17533243E8 8.5098241E7 5.83633354E8 1.63261921E8 9.87596983E8 2.59643038E8 6.79504704E8 8.90856783E8 2.59784147E8 8.54254391E8 5.40538021E8 
7.66726009E8 4.14218215E8 7.74537577E8 3.71642173E8 3.54182938E8 9.19359632E8 9.75218901E8 2.5348185E7 8.54032086E8 2.41674321E8 9.1375127E8 4.8450671E7 9.1981152E7 4.86128649E8 1.57233556E8 3.09491721E8 4.5003136E8 7.3887973E8 3.39451498E8 7.00036807E8 
4.54767189E8 4.7005777E7 8.29886763E8 2.31795394E8 2.9113085E8 8.14848299E8 6.7283072E8 9.61989557E8 5.97180587E8 2.2513776E7 5.82277576E8 5.70975603E8 5.13496309E8 7.930999E7 3.7060899E7 8.8975813E7 1.10309819E8 3.13368017E8 8.10737151E8 2.22877875E8 
9.96101223E8 6.8427376E7 5.92008103E8 9.69412669E8 1.23316816E8 1.29739353E8 7.04013368E8 7.17621001E8 5.50028341E8 7.33268591E8 3.14613876E8 8.41372685E8 1.90766986E8 7.25851219E8 9.44825081E8 8.61802359E8 3.95429888E8 5.38692859E8 5.28849023E8 6.19878084E8 
5.32071099E8 5.12567622E8 7.56692301E8 5.40920364E8 6.17552588E8 7.70304889E8 9.39146746E8 9.95740704E8 4.3944523E8 2.70627946E8 1.74948594E8 9.67170597E8 5.43234038E8 8.9713437E8 1.7122068E8 7.16103224E8 9.20795037E8 4.37185255E8 6.70841633E8 9.0777157E8 
2.29276512E8 8.7696769E7 7.4174746E7 7.06838625E8 8.93930468E8 6.88303664E8 5.07628622E8 6.78976626E8 5.0410434E8 2.27091768E8 2.87810544E8 9.46963672E8 4.98517597E8 2.90071878E8 4.57572442E8 9.40928197E8 2.54111281E8 3.279557E7 8.29038879E8 2.55222751E8 
3.42173102E8 9.40988288E8 7.58744944E8 5.78510364E8 8.96104205E8 1.16803221E8 7.01301464E8 3.98998461E8 7.47108508E8 7.8274653E7 4.4054373E8 2.03356422E8 2.27248983E8 9.1777375E7 7.8090918E8 1.85705085E8 3.13729576E8 8.70773963E8 3.96828384E8 6.2167379E7 
9.3925332E7 6.885956E7 4.8420299E8 4.46821279E8 3.67597837E8 3.71089214E8 8.35582788E8 3.86497779E8 5.70896364E8 1.44800397E8 9.69444065E8 7.4717982E7 1.06159988E8 5.49619079E8 9.84009348E8 4.69164987E8 5.92199466E8 7.26064848E8 8.77338858E8 5.22438209E8 
5.11651766E8 1.83146814E8 1.779618E8 2438430.0 2.25164646E8 7.87568788E8 8.64106035E8 4.26584696E8 3.46582161E8 8.20638623E8 7.14622523E8 4.63164583E8 2.896641E7 4.13703251E8 4.30990836E8 2.63471577E8 7.9820472E8 2.98907745E8 9.7330711E7 5.79984608E8 
1.8911575E8 2.19302512E8 8.04133639E8 1.98696626E8 5.88381718E8 5.30800606E8 5.51467854E8 1.67800164E8 3.69298269E8 4.98212164E8 8.68698749E8 5.40290047E8 6.15247695E8 5.38560993E8 9.40306327E8 8.64644302E8 4.71964658E8 1.97113661E8 4.11169594E8 4.5559633E8 
4.43078607E8 9.5502894E8 4.59727839E8 5.56113141E8 7.49080045E8 6.2261436E7 1.73716808E8 8.6204505E8 2.06772798E8 4.65330141E8 7.40717666E8 5.22515118E8 9.54438057E8 5.56788835E8 4.74545223E8 6.51967238E8 7.47349872E8 9.1171244E8 2.38540989E8 5.9389348E8 
4.789463E8 3.96239154E8 3.98126113E8 6.61613357E8 4.4874125E7 3.4185554E7 3.7507625E7 8.48078662E8 6.60289156E8 7.99977986E8 8.09221074E8 4.4529215E7 2.65208411E8 6.9620112E7 4.50231504E8 6.36926888E8 7.08374249E8 8.06143285E8 6.94603481E8 9.59445987E8 
9.87004813E8 6.81962722E8 4.0290762E7 9.75900727E8 9.37968981E8 2.47789207E8 5.86384014E8 7.32840708E8 4.25338403E8 9.46222645E8 9.47195329E8 5.82148505E8 2.49933043E8 2.37879949E8 7.0846518E7 9.06323367E8 7.18390384E8 3.58886995E8 6.42567492E8 9.6238181E7 
5.2453626E7 2.60790149E8 6.36700201E8 8.29006925E8 5.93586641E8 9.7420221E7 4.9644242E8 2.72702624E8 6.3689169E7 2.17967652E8 3.66654832E8 7.05016605E8 9.79598317E8 1504438.0 7.82594364E8 1.74551825E8 6.87227992E8 2.5415354E7 2.26224634E8 2.56294358E8 
3.80610252E8 9.98676626E8 1795088.0 6.56908842E8 9.01768329E8 6.10647908E8 9.53667715E8 4.10855235E8 7.9263878E7 9.47019053E8 6.51910699E8 6.74925575E8 8.56425623E8 4.06780027E8 8.04966781E8 6.76651513E8 4.84680652E8 1.17559354E8 8.2374294E8 2.01134321E8 
6.13073485E8 6.9140213E8 6.57757803E8 1.11201029E8 1.91972199E8 7.89036076E8 2.5152155E8 7.8739193E8 7.27124854E8 3.67900016E8 2.28112498E8 4.7135942E7 5.6964375E8 6.77686328E8 6.96953659E8 5.6572298E7 6.08158983E8 3.6874642E7 4.0408122E8 9.83828136E8 
9.41296619E8 1.74711728E8 7.95736621E8 6.59163649E8 8.51801223E8 4.55318035E8 9.49902244E8 3.05247497E8 6.78036458E8 6.14078582E8 7.45440383E8 4.79927001E8 9.84261213E8 7.31202107E8 8.4783842E7 7.34209435E8 7.67993256E8 4.3309121E7 4.63665808E8 1.29771703E8 
3.10936147E8 8.51136072E8 6.90165444E8 6.83167784E8 6.79359318E8 2.1991932E8 9.5385119E7 8004696.0 8.10485272E8 3.88749089E8 1.49363849E8 9.11709261E8 5.83351814E8 8.06160356E8 9.98370708E8 4.70109443E8 2.65781709E8 4.91454174E8 7.3511218E7 1.50905983E8 
2.53505512E8 9.84719161E8 5.85618541E8 8.86210951E8 7.3148048E7 4.93249854E8 4.17690536E8 6.04682106E8 2.07702711E8 9.6803499E8 6.53672517E8 6.25383048E8 4.21281898E8 7.51215423E8 7.41175281E8 4.88350797E8 9.09345999E8 1.23887745E8 7.5755912E7 2.50954216E8 
7.81277499E8 5.53356561E8 6.15679295E8 1.4477924E7 9.4080413E7 6.89914671E8 9.88616165E8 4.61968224E8 8.99149983E8 1.95457109E8 4.35523112E8 4.86228721E8 5.38471079E8 2.99711442E8 8.51989344E8 5.65955669E8 7.32268096E8 5.74593536E8 1.33623071E8 4.08353427E8 
8.370429E8 7.93174041E8 9590580.0 5.18173109E8 2.11021E7 8.96968229E8 5.57209417E8 7.75968559E8 4088007.0 3.3737457E7 6.30536315E8 8.1246528E8 4.37692644E8 3.47717869E8 5.07179692E8 9.51289678E8 9.66647678E8 7.0516788E8 1.60105388E8 7.58907528E8 
5.0224723E8 8.20353205E8 6.94993668E8 7.8847216E8 2.65074924E8 3.10564053E8 6.58744335E8 9.33384053E8 7.09270301E8 5.3486314E7 1.21015867E8 9.16716037E8 5.27583718E8 8.46224587E8 6.58223803E8 8.34258402E8 5.54633285E8 7.72501857E8 6.28212266E8 3.41791364E8 
5.3519123E8 8.73037094E8 4.13852009E8 3.1292675E7 4.04990826E8 6.83828319E8 6.35107141E8 7.76140215E8 9.43459785E8 9.58045709E8 6.8165165E8 3.41971358E8 4.009495E8 4.19465617E8 3.01906488E8 3.57711446E8 9.77443818E8 7.08852872E8 3.99406255E8 8.20386299E8 
8.353951E8 7.79425414E8 6.33694171E8 6.67684778E8 6.66249148E8 8.73512006E8 9.0048273E8 5.93838822E8 6.98385083E8 8.69740035E8 2.74607003E8 2.07240334E8 4.33609953E8 2.28567108E8 5.3933572E8 8.32315604E8 3.30011919E8 9.83696799E8 9.96895306E8 7.43529614E8 
1.10890288E8 2.27895481E8 8.57600526E8 3.85994088E8 3.72644142E8 3.23953398E8 1.38774615E8 1.85004599E8 6.88916099E8 6.35010175E8 6.69680639E8 8.75934108E8 4.6395097E8 9.13191162E8 4.94975461E8 8.96260909E8 3.75044006E8 6.1147785E8 6.96736001E8 2.73111771E8 
3.62116804E8 2.90961843E8 4.13897018E8 6.12551365E8 7.71873222E8 9.84108787E8 6.27978674E8 2.50951764E8 4.44652102E8 8.44384815E8 1.05271025E8 3.64126277E8 2.44006796E8 6.63575142E8 7.38181639E8 8.46514559E8 7.72206546E8 8.70350449E8 4.12242136E8 7.0556543E7 
7.89268227E8 4.37113619E8 4.40307321E8 2.154947E8 1.58790914E8 7.16886041E8 5.51771234E8 7.15196047E8 9.80780322E8 6.07968752E8 4.02161973E8 5.16186122E8 9.39813955E8 6.01340797E8 5.77267445E8 2.59939334E8 7.96311598E8 2.04233435E8 1.0598225E8 2.07571373E8 
3.79340423E8 9.53045628E8 5.67355722E8 7.1043103E8 4.01297413E8 7.29742406E8 9.79860043E8 2.9669027E8 9.07976535E8 3.78104628E8 7.946857E8 9.91883063E8 2.0194143E8 6.79675341E8 4.79912083E8 3.2044485E8 6.32789135E8 5.93973813E8 3.78688376E8 5.45656257E8 
7.34803987E8 2.93525695E8 7.52100322E8 9.69964E7 8.1066485E8 9.31483903E8 1.76186816E8 8.06762075E8 2.0928355E8 2.68091348E8 7.52609453E8 5.31911311E8 2.26515335E8 2.51963251E8 9.13767201E8 9.72441222E8 7.69397449E8 4.03143682E8 9.55687841E8 1.4211254E7 
6.67735011E8 3.77116895E8 8.15816097E8 7.21975029E8 7.91268101E8 4.02431068E8 2.785811E7 1.87484963E8 9.36317544E8 3.79318477E8 2.32130811E8 7.97886137E8 7.82721278E8 3.0267289E8 9.7403533E7 1.31216772E8 9.0037178E7 3.29970767E8 1.9008581E7 6.08684423E8 
7.01402137E8 2.53200848E8 4.98036559E8 2.37489054E8 8.54101317E8 3.53591475E8 6.77720945E8 2.63314715E8 7.57815843E8 6.18903303E8 1.15655833E8 3.18214284E8 3.94680549E8 8.5280257E7 5.04279796E8 6.97462326E8 1.9698587E7 6.29129038E8 7.17097658E8 7.28053181E8 
8.95722309E8 8.7922347E8 2.5440113E8 8.01872891E8 3.84125457E8 4.5206945E7 8.89788533E8 5.38175071E8 6.30454496E8 3.6589263E8 7.7572639E7 7.12842361E8 7.337615E8 5.69237463E8 4.71204662E8 4.6016865E7 4.68985418E8 2.05593058E8 7.24131877E8 6.75034028E8 
3.43661802E8 9.66812444E8 5.97044957E8 1.56196858E8 1.3405917E7 1.36018894E8 2.79260551E8 1.36778026E8 8.55027501E8 1.2631926E8 7.470235E8 4.17739379E8 8.01800428E8 6.6147058E8 9.27801932E8 9.88010313E8 3.82323368E8 5.27485932E8 4.17188212E8 7.52766938E8 
2.72572884E8 9.81391345E8 5.03806965E8 1.01007036E8 5.70163478E8 8.41822879E8 2.97671184E8 1.61815798E8 4.30493734E8 5878676.0 8.28715843E8 5.84070324E8 6.66371368E8 6.37618243E8 8.4777906E7 9.40931288E8 4.05874572E8 5.55827203E8 9.2080943E7 4.08322298E8 
9.27620523E8 4.12142409E8 3.06320637E8 1.95699291E8 3.48276329E8 9.5359132E7 7.78737675E8 3.17762983E8 9.24061845E8 4.2371836E8 7.89102973E8 6.87369917E8 3.46157403E8 5.941986E8 8.9632912E8 1.82748751E8 5.59344135E8 4.6314051E7 6.47461509E8 2.96229729E8 
3.13868094E8 3.67646031E8 5.07091171E8 2.0704755E8 8.72433928E8 6.19312931E8 9.21770739E8 6.37378742E8 3.7397383E7 9.91808866E8 8.17803906E8 6.48626688E8 9.37640745E8 1.5118953E7 2.45817672E8 6.14068495E8 8.20278364E8 6.41744988E8 3.31816001E8 9.6433018E8 
4.29254445E8 3.97252328E8 1.71952356E8 9.4375738E8 4.21058779E8 4.50174892E8 8.1704786E8 5.38601203E8 6.67200341E8 8.91592225E8 3.292047E7 9.42039491E8 2.23742576E8 7.34418894E8 9.3880267E7 4.06406378E8 2.10118792E8 1.43422736E8 4.6928435E8 9.9603361E7 
8.32609041E8 1.89215906E8 8.96834364E8 6.30517965E8 3.12275421E8 9.82938234E8 1338590.0 2.37376555E8 5.32815432E8 3.9307962E8 3.13949407E8 2.43310044E8 8.10707952E8 6.71864556E8 2.74426548E8 2.75012658E8 3.08189874E8 2.25848514E8 5.57764634E8 9.13225312E8 
2.59016288E8 4.53852096E8 8.56563973E8 8.97876893E8 3.57620051E8 4.5086176E7 7.1811168E7 7.46068436E8 3.7420183E8 3.81297099E8 7.17276093E8 6.57686265E8 3.01444704E8 7.18987763E8 2.26520736E8 8.81282334E8 1.12962383E8 6.41247501E8 7.66554125E8 2.91961036E8 
5.19253535E8 8.63449129E8 1.08456876E8 7.93363647E8 9.43848885E8 8.5304945E8 8.2837936E7 2.97443201E8 3.10502246E8 8.8095479E8 1.56775199E8 4.58573527E8 1.31690127E8 6.0390754E7 7.0893054E8 4.2638772E7 8.19348733E8 6.48941046E8 6.50819051E8 7.97100221E8 
1.00691902E8 3.90397643E8 1.44751304E8 9.54639642E8 9.15116533E8 9.55290368E8 3.02756507E8 5.0829437E7 1.9261673E8 6.02440983E8 9.15833457E8 5.65381582E8 4.69792265E8 2.8613436E7 4.59165211E8 6878982.0 3.8645015E8 9.99308118E8 8.46472703E8 4.52494444E8 
7.23962831E8 7.60975012E8 6.65471175E8 2.27053726E8 7.9596049E8 4.23396803E8 9.16432861E8 3.59901072E8 6.82598793E8 4.70719848E8 5.97147873E8 6.93377234E8 1.1557583E7 3.10587294E8 8.30114915E8 3.3320779E7 7.32090254E8 3.03055127E8 6.11581826E8 5.29856382E8 
6.02857247E8 2.4448956E7 6.77095691E8 5.55833954E8 9.19941496E8 6.16045214E8 4.24510878E8 7.10635054E8 3.48357546E8 9.43437537E8 3.12942404E8 2.18664062E8 5.88530316E8 9.49675521E8 6.64941622E8 9.14693289E8 8633059.0 2.3739445E7 3.3920935E8 2.12332941E8 
3.04338873E8 4.25641354E8 3.12451902E8 9.37248024E8 7.09453542E8 8.10419282E8 8.11522967E8 6.73346162E8 2.74061761E8 6.75518088E8 2.70784985E8 3.1801188E8 2.5123314E8 1.19526781E8 5.4661456E7 8.71564171E8 6.88997796E8 6.44968985E8 5.81641339E8 9.6466002E7 
9.11216324E8 8.63819504E8 2.13535492E8 5.73415881E8 6.89131848E8 8.71646808E8 3.2574508E7 8.5430324E8 5.54807097E8 7.44757506E8 4.18975775E8 8.66110732E8 8.88312721E8 8.4445647E7 1.62897257E8 4.55198276E8 1.22447238E8 7.83426277E8 6.97234191E8 9.78005555E8 
6.51933595E8 2.21758949E8 9.2150411E8 1.42060301E8 8.08450402E8 9.13043998E8 2104500.0 8.80282474E8 5.68521168E8 2.1640022E8 4.80516753E8 9.01925056E8 4.98197794E8 1.05709772E8 9.98568889E8 7.05094061E8 8.06639562E8 1.44842546E8 9.58658434E8 2.58642288E8 
2.80102084E8 7.56048512E8 4.76876706E8 2.65332073E8 2.98515619E8 5.88433337E8 5.8263509E7 9.03514859E8 9.8745489E7 2.94409361E8 5.25961602E8 2.11175988E8 9.41791605E8 3.04240131E8 8.69828604E8 8.24045613E8 8.65598589E8 2.5227339E8 8.45103158E8 6.08577422E8 
2.60811418E8 5.53184371E8 3.48011516E8 8.4094867E8 5.93725854E8 2.5252706E8 8.2273952E8 9.74837072E8 2.18847101E8 6.83118661E8 2.12984046E8 7.13580795E8 3.72884179E8 6.47257721E8 2.61337162E8 5.6430012E7 1.22671123E8 8.14504469E8 2.8104521E8 2.23949826E8 
2.51420896E8 7.75727188E8 8.77223998E8 8.84235875E8 8.10881381E8 7.2634583E8 4.78400773E8 8.99455677E8 3.41377191E8 6.5180006E7 9.54291984E8 8.91329981E8 5.67384886E8 2.90035924E8 4.201573E7 2.84520592E8 7.13203533E8 4.47142224E8 7.80475961E8 1.28491783E8 
4.51446259E8 4.8772404E7 6.61445692E8 9.21264974E8 8.96492894E8 8.11867253E8 7.45914187E8 8.62586967E8 9.85707433E8 7.90197753E8 5.65553475E8 4.49384602E8 5.3138547E7 4.73585E8 2.31697573E8 9.2979114E7 3.93584988E8 2.09921077E8 8.08017363E8 4.85386017E8 
1.39322312E8 8.69210259E8 6.68113379E8 7.71127565E8 8.27450888E8 1.3577517E7 2.55536906E8 1.91335896E8 6.22739606E8 9.63167143E8 3.91289939E8 7.58527565E8 2.79003431E8 5.5081378E7 3.2642906E7 6.93280822E8 5.71467552E8 8.0985127E7 1.77148302E8 8.08148836E8 
1.13234154E8 3.58729473E8 4.27017565E8 7.59493921E8 1.80882557E8 1.44323633E8 5.81567427E8 1.04529004E8 4.17397392E8 1.22810852E8 5.09231148E8 3.98704198E8 5.5033184E7 5.30080997E8 4.65668976E8 1.47678107E8 6.06388349E8 5.2378919E7 9.70801422E8 2.88465036E8 
8.0887511E8 2.6243908E7 3.35127874E8 1.5950284E7 9.75936282E8 6.18842631E8 9.34482052E8 1.9381832E8 8.07773962E8 6.07134221E8 3.72415187E8 2.93039096E8 1.45018679E8 9.4032677E7 7.40686382E8 7.8640999E8 1.10682554E8 708730.0 2.90879248E8 1.94252513E8 
5.7890306E8 4.56399063E8 9.63952464E8 5.24213573E8 9.33398747E8 2.70568495E8 3.89571331E8 6.77224122E8 6.34222334E8 5.1699614E8 1.63356123E8 5.02017955E8 1.98309948E8 8.85333866E8 4.37722495E8 5.72216422E8 8.17490261E8 8.62911731E8 1.20777881E8 4.32835409E8 
9.8703083E8 9.98041499E8 2.67777229E8 1.7172788E7 1.98462866E8 4.65796166E8 5.7093012E8 1.70386492E8 9.62340331E8 9.08219616E8 2.05890688E8 7.32674149E8 1.69752537E8 5.3147668E7 6.77050772E8 4.32817641E8 7.582423E7 9.29297632E8 7.18795485E8 9.2195672E8 
9.94100624E8 5.90010516E8 7.56169904E8 6.3780807E8 1.2762941E8 1.34006702E8 9.05944365E8 8.31147097E8 8.30715159E8 4.68741813E8 7854983.0 9222001.0 9.94736472E8 7.00427016E8 7.15834961E8 2.5487068E8 1.82079576E8 2.54503515E8 2.50341725E8 3.65462625E8 
5.94156326E8 8.31338502E8 1.5423105E7 5.22390154E8 9.52639006E8 8.4135732E7 9.17956285E8 2.49683871E8 8.97457625E8 4.69530837E8 8.91530497E8 7.49429799E8 5.60770267E8 6.6067732E7 8.23735207E8 3.12016441E8 5.63030775E8 2.81729392E8 8.13153461E8 3.90842144E8 
7.95441676E8 2.78922629E8 4.4114947E8 1.03964215E8 2495316.0 6.33792886E8 5.3357884E8 3.79273228E8 3.58969191E8 2.16472261E8 7.08838554E8 6.95127276E8 9.47656281E8 5.29839475E8 8.61213016E8 3.84982505E8 2.87274854E8 7.76598476E8 6.12261413E8 7.72407907E8 
8.34416388E8 7.37957255E8 6.7803098E8 9.81973911E8 6.89054166E8 1.4191689E8 4.6169706E7 1.31855728E8 5.70049833E8 5.75155433E8 8.3455078E8 7.55594202E8 4.95258017E8 1.49719586E8 7.11810502E8 7.23308233E8 5.00244433E8 7.421248E7 8.0024056E8 6.3675469E8 
1.60296226E8 9.98892846E8 5.2763929E7 6.57982933E8 6.42317697E8 5.05077649E8 1.98263714E8 9.9793297E8 5.06368224E8 3.91466303E8 4.83322405E8 8.39177579E8 5.01013862E8 4.7348173E8 6.03468677E8 2.96110533E8 1.52327593E8 4.56449573E8 4.13317692E8 1.26234334E8 
3.3287484E7 6.941373E7 2.32529747E8 2.97802717E8 2.18486389E8 5.3612908E7 8.23301855E8 1.91924499E8 5.7848012E8 7.88119409E8 4.05144838E8 1.71337198E8 2.48765896E8 3.04867792E8 3.93988595E8 4.83409895E8 8.20296489E8 1.96278072E8 9.0519676E8 9.81537213E8 
5.41599565E8 4.50903945E8 4.43860938E8 9.46936977E8 9.6986004E7 5.66013891E8 6.2078412E8 3.71965969E8 3.30994796E8 3.80738938E8 1.78851777E8 4.26420395E8 6.26136269E8 9.49397814E8 9.2028005E7 4.69888075E8 5.09159634E8 4.3183661E8 8003436.0 8.96071805E8 
4.60484515E8 4.16096596E8 8.45560805E8 2.99104789E8 8.32100643E8 3.08450644E8 9.29012388E8 9.37230193E8 2.41153492E8 4.26824943E8 6.44603648E8 2.3581885E8 7.99598189E8 2.15849474E8 2.3756559E8 1.19550489E8 6.4717739E7 5.65257243E8 3.3538033E7 2.92685497E8 
6.50965553E8 5.58078723E8 6.437444E7 1.96705923E8 3.0506967E7 1.01054796E8 8.05878744E8 2.66205602E8 1.67997724E8 7.96917547E8 4.93812921E8 2.7676117E8 2.84552096E8 1.06665359E8 2.74553744E8 3.2617487E7 2.26516682E8 3.19685128E8 2.68065805E8 3.77371796E8 
6.26581016E8 1.00550607E8 4.73397279E8 5.27443468E8 2.87918928E8 4.13553357E8 3.3069349E8 2.5966897E7 9.96469708E8 4.39498178E8 6.68762989E8 1.93847411E8 2.72131738E8 6.94022365E8 7.13519542E8 8.15070817E8 4.06555087E8 9.32674494E8 8.10162485E8 9.34959658E8 
5.03384397E8 5.85214556E8 5.2074725E8 7.2920141E7 1.36216227E8 4.00074491E8 7.98836413E8 8.55325367E8 6.70200661E8 6.99644108E8 1.4211454E7 5.9532545E7 2.55129502E8 1.48024577E8 7.03163585E8 3.26632686E8 9.91018524E8 2.15117554E8 5.3671805E7 3.48383464E8 
7.91604704E8 5.84395096E8 2.99814979E8 1.62877071E8 2.6843827E7 5.9642203E8 3.96053881E8 3.03846885E8 1.12407584E8 4.46178448E8 5.69558474E8 9.4011772E8 8.32343645E8 2.5945747E8 6.07544238E8 8.14556651E8 3.30475816E8 3.62089241E8 2.6620866E7 7.45982588E8 
3.86786117E8 2.5468811E7 5.92445734E8 6.928443E8 8.0693397E8 7.22842706E8 1.0513043E7 8.94078323E8 4.96232383E8 4.63034509E8 9.92699364E8 4.0040989E8 6.3814326E7 8.1767425E7 3.19224916E8 3.88460998E8 6.08387546E8 4.65467664E8 9.61978832E8 1.0382036E7 
6.73889221E8 5.58408996E8 8.12696322E8 1.73324379E8 2.31516342E8 6.6128618E8 6.8264109E7 5.65923256E8 9.44021781E8 9.67780465E8 8.65469869E8 4.53061524E8 8.98830068E8 5.05407744E8 3.28800357E8 2.4553694E8 4.58440644E8 6.4791611E8 7.97432246E8 6.17856312E8 
8.69750988E8 1.48726294E8 6.31348198E8 9.95232481E8 7.98345479E8 2.08384711E8 6.61550257E8 5.59960874E8 9460425.0 4.33726116E8 4.5631803E7 5.37704211E8 4249304.0 6.72418392E8 1.7507514E7 4.15815473E8 5.38136757E8 6.13789702E8 7.78891057E8 9.18681023E8 
5.97463667E8 7.35313645E8 5.70148418E8 1.916676E7 5.91289606E8 6.43855781E8 7.79443884E8 602530.0 2.27133451E8 1.11760395E8 8.01635558E8 6.00340875E8 7.82596507E8 1.40083669E8 2.42165068E8 5.63778189E8 2.59226962E8 1.94755635E8 9.76226582E8 5.16827697E8 
2.10648249E8 3.5618011E8 5.19787919E8 9.25185503E8 8.73888069E8 4.98757789E8 1.46577057E8 5.0332122E7 6.01009126E8 7.74045241E8 1.93934859E8 2.35063733E8 4.87556164E8 6.09737969E8 4.0475449E7 5.55449137E8 5.24998442E8 1.56393306E8 3.09783326E8 8.61459253E8 
5.6626068E8 6.14784556E8 9.5691647E8 4.95118554E8 8.8659941E8 1.59005057E8 2.82731E7 5.22878621E8 1.46496053E8 2.33917133E8 5.0418994E7 1.48015736E8 1.18901766E8 8.5026741E8 1.99761467E8 7.9206228E7 6.3008346E8 1.26766328E8 6.32494964E8 2.3034754E7 
7.81484252E8 7.35657252E8 6.13032357E8 1.41041929E8 6.69425734E8 9.6775393E7 3.69175326E8 2.6601991E8 5.00143479E8 1.34825205E8 9.23565677E8 9.07615515E8 2.0956151E8 1.65580147E8 5.0349941E8 5.93902208E8 4.40374982E8 8935715.0 5.14973291E8 8.93434178E8 
3424992.0 7.40223437E8 4.81873939E8 5.41396692E8 7.56013146E8 5.85919758E8 7.97507553E8 4.53818986E8 1.66717512E8 3.45860233E8 6.13207853E8 5.5417232E7 7.04436022E8 3.8129653E8 6.97549073E8 2.6948684E8 5.88797094E8 6.46609647E8 6.39729325E8 7.22364739E8 
3.69741323E8 4.62219901E8 3.41979508E8 2.00334089E8 2.65992507E8 7.27210285E8 3.48391107E8 1.63445202E8 1.85299857E8 5.2406699E7 1.91346051E8 1.68578055E8 8.73747656E8 8.58135105E8 6.01770553E8 3.83173702E8 6.97092623E8 8.25602086E8 1.25723577E8 9.81412671E8 
1.44002993E8 2.1682181E8 4.17370538E8 1.062209E8 2.59238011E8 4.85239187E8 2.37180751E8 2.53334628E8 8.64219888E8 2.87675383E8 9.74227354E8 3.87757763E8 6.03114934E8 4.77948529E8 3.32756488E8 8.38296091E8 5.64454265E8 9.13498794E8 6.75732261E8 3.2455314E7 
4.71488624E8 9.38574029E8 4.01852889E8 4.31840344E8 2.08886019E8 2.21008148E8 6.4757233E8 6.07295422E8 7.59044975E8 2.14351462E8 5.51950894E8 2.53376604E8 4.58209967E8 8.93088605E8 2.99697475E8 8.3348559E7 8.50739983E8 5.65905855E8 1.66554943E8 9.6875034E8 
3.19295091E8 5.10447236E8 8.31219413E8 3.91675629E8 9.93701E7 8.92723858E8 2.89272988E8 2.63265021E8 2.48517956E8 9.35319142E8 8.07149076E8 4.28508998E8 6.33770417E8 5.80757633E8 4.87937802E8 7.2531203E8 2.5176784E7 9.59882994E8 1.85878635E8 2.94870049E8 
9.39046175E8 8.19816196E8 7.0267628E8 9.50764552E8 9.6139232E8 6.92042329E8 4.26314496E8 8.05778713E8 9.00244497E8 9.88400637E8 8.31832576E8 2.8291994E7 2.64901739E8 4.0122878E8 5.53567142E8 5.54211649E8 2.5087204E8 9.53639522E8 5.9651625E7 8.15750947E8 
6.21151828E8 7.96883621E8 3.12104835E8 6.4965225E7 6.17665381E8 3.83980549E8 1.79628954E8 6.67809213E8 3.11097915E8 9.62273699E8 7.85276339E8 8.2357949E8 6.03019848E8 4.2229486E8 4.17433545E8 5.24958832E8 4.31114362E8 4.16298068E8 1.10110201E8 2.15479433E8 
5.96483497E8 3.1705014E8 5.07309458E8 5.24074643E8 3.142336E7 2.5941702E7 1.6629548E8 6.60489795E8 2.56722002E8 8.59208839E8 2.5862798E7 5.40674407E8 2.39447869E8 7.42032336E8 3.68251395E8 4.77879711E8 8.55361355E8 7.22507829E8 2.37140234E8 3.23036951E8 
6.84495171E8 3.80956854E8 9.39191307E8 2.67093287E8 9.24113972E8 5.4775447E7 9.52905119E8 1.28334298E8 7.90177346E8 9.24993248E8 2.96087653E8 8.39322517E8 8.96594798E8 9.17942692E8 1.62017891E8 2.0934458E7 7.50974646E8 6.3914814E7 4.24444107E8 9.85078737E8 
6.86233751E8 4.24404177E8 4.3282633E8 2.43030628E8 2.59348282E8 9.50522305E8 3.71780873E8 6.12918901E8 3.91690333E8 6.67385721E8 3.42472739E8 3.17753477E8 2.99808779E8 3.92760728E8 2.38739938E8 4.4482788E7 5.71177269E8 7.92974366E8 4.37023577E8 7.94922483E8 
5.76346101E8 9.55076734E8 2.96715896E8 5.00997575E8 7.77098746E8 8.11467256E8 4.76328194E8 7.99592734E8 3.89627932E8 6.91673141E8 1.10919092E8 6.6405983E7 2.92410194E8 9.95695759E8 9.67512933E8 7.93553456E8 3.037211E7 4.84316519E8 7.97777119E8 6.62274052E8 
2.60105075E8 9.63980714E8 2.41016452E8 2.09934227E8 5299827.0 2.0735434E8 7.95580852E8 8.19635131E8 6.47235918E8 7.95375443E8 5.73073166E8 8.71075604E8 6.62075509E8 1.9259789E8 7.77281455E8 2.82926064E8 7.34874702E8 7.74852552E8 1.08550373E8 3.49820073E8 
2.9639754E7 7.16726941E8 5.84344447E8 7.31171852E8 7.5419873E7 6.16090859E8 5.88045819E8 6.84379519E8 9.40341749E8 4.83872936E8 3.10567291E8 1.51575283E8 1.08655703E8 2.59518536E8 1.33151705E8 1.06935885E8 7.50277005E8 3.2603651E8 9.14766351E8 6.50667376E8 
8.77970052E8 5.93269152E8 5.93791456E8 6.96130699E8 2.24237124E8 5.93995607E8 9.91239992E8 7.38175297E8 5.3813758E8 6.94706147E8 2.11535508E8 1.13600249E8 4.01677521E8 9.61360803E8 5.76913663E8 3.68763633E8 5.96073676E8 4.40172811E8 6.02802288E8 8.34712224E8 
5.10109551E8 6.14433701E8 1.24073411E8 2.76805673E8 7.5966122E7 5.80623322E8 3.15850794E8 5.33660446E8 2.42323001E8 5.052487E7 1.7593977E7 3.89340522E8 5.0190315E7 6.30791513E8 4.65470853E8 5.33073597E8 9.63845701E8 9.57387438E8 2.6556781E8 3.52372583E8 
2.27414528E8 1.6955343E8 1.99277446E8 4.78294485E8 6.6704594E8 8.96422702E8 2.42241256E8 4.55669554E8 5.39301167E8 3.99140134E8 9.9951521E8 6.46485867E8 7.38284347E8 7.62314033E8 6.12163975E8 4.91215295E8 9.17210784E8 6.0856544E7 7.4279472E7 5.50719301E8 
8.5452121E8 2.41744983E8 8.14458143E8 3.30473591E8 7.00314475E8 5.4963231E7 3.42060145E8 7.49203029E8 5.75785827E8 7.438586E8 7.36113477E8 2.55619273E8 3.66521375E8 3.62376785E8 7.63514355E8 1.9805342E7 4.49913667E8 5.25113105E8 4.53214388E8 3.2989293E8 
5.27627368E8 1.15845506E8 2.4374702E7 3.10029641E8 6.95958023E8 9.81191357E8 1.69005442E8 3.4223528E8 3.80091104E8 9.18256178E8 8.23398696E8 1.22597264E8 7.82682182E8 3.28619429E8 7.27701644E8 1.11357654E8 5.2843879E7 7.55728763E8 2.69266083E8 2.46794694E8 
4.68538377E8 1.48751024E8 3.32949304E8 1.84404799E8 5.4353928E8 1.0315456E8 1.40330222E8 9.95740948E8 1.1953983E8 5.167739E8 3.49844374E8 2.15366141E8 1.84649172E8 6.9834911E7 1.1129594E7 3.59731752E8 3.71432156E8 6.88394454E8 3.19413911E8 5.58391829E8 
8.30812069E8 6.82875771E8 4.99565921E8 7.35816692E8 4.52570289E8 5.66856773E8 5.64467203E8 8.61169932E8 2.08840137E8 6.55995362E8 1.38654983E8 1.43765307E8 7.33907157E8 4.22952519E8 1.5722933E7 6.9352073E8 1.21791216E8 2.4140019E8 6.26756468E8 8.8578841E7 
3.22500601E8 5.90677626E8 1.37118294E8 4.9636476E8 4.48512038E8 1.2386621E7 4.60189016E8 4.79703444E8 7.64944437E8 1.11192348E8 7.9206501E7 3.86220434E8 1.30058812E8 6.74323419E8 2.02136874E8 2.67101443E8 1.77130154E8 5.47740719E8 4.39549121E8 6.00387876E8 
5.84401628E8 2.5167212E8 8.91754221E8 7.04336673E8 3.66745456E8 4.44185692E8 2.59008974E8 6.17974905E8 2.40818593E8 2.48701227E8 3.47373471E8 3.98830285E8 7.64915796E8 1.49816427E8 1.32850492E8 2.41921593E8 1.35386405E8 6.3155035E8 3.67723989E8 5.59443101E8 
2.33395341E8 9.83083552E8 5.65553139E8 1.77179763E8 7.58973163E8 7.29300863E8 8.5067044E7 1.01541099E8 6.3713358E7 9.56919114E8 9.48244729E8 8.90203176E8 5.99140056E8 4.01709107E8 9.74153831E8 5.19699766E8 7.34682559E8 5.38297119E8 7.87660493E8 7.84905352E8 
6.7357785E7 7.1258399E7 2.7091222E8 6.88204109E8 2.44675365E8 1.64691127E8 6.5534215E7 9.80240757E8 7.52944341E8 4.67186214E8 8.0476894E8 9.99500262E8 8.5074646E7 4.90084964E8 8.57327913E8 2.24565796E8 1.95130172E8 1.79142604E8 4.9851321E8 5.00754838E8 
1.71304914E8 5.8319306E8 5.89206046E8 7.31935827E8 6.14657024E8 3.68136307E8 3.9608035E7 9.38678696E8 2.97850356E8 5.50546363E8 5.62160523E8 9.75494531E8 2.96316711E8 2.32424725E8 4.76855723E8 8.7277095E8 9.33665988E8 3.07100336E8 6.22193103E8 7.23111688E8 
5.63836146E8 7.6003919E7 7.46323337E8 2.67139711E8 4.24387994E8 4.67021056E8 1.05460782E8 8.50425904E8 5.38514749E8 7.7354918E7 3.80435066E8 2.2105566E8 9.17749836E8 5.77305932E8 4.37291239E8 7.16448268E8 1.23020598E8 1.06102822E8 9.0413691E8 7.48394929E8 
5.78609936E8 1.66895049E8 1.3973826E7 1.36883243E8 9.01751384E8 1.85244503E8 6.720407E8 7.66127159E8 9.09997674E8 3.33929476E8 2.46232799E8 2.40323248E8 8.9916682E8 4.46601658E8 1.50453166E8 7.02005533E8 2.46583506E8 8.43812871E8 8.93289088E8 7.42472908E8 
3.87498202E8 6.77154906E8 8.98196744E8 3.8161438E8 7.3697973E8 9.60732465E8 6.6416314E7 4.23559335E8 1.85241872E8 8.03915784E8 7.50127788E8 1.04931201E8 3.81278065E8 4.85295904E8 5.30898192E8 8.44084811E8 1.37842518E8 9.14992432E8 9.57259102E8 7.2558996E7 
9.40230295E8 7.20939865E8 1.85292515E8 5.84077833E8 7.21972667E8 6.64505336E8 2.87392583E8 5.71785185E8 7.8247826E8 3.41767088E8 8.46909044E8 5.40999096E8 9.64814736E8 1.59009617E8 3.40168407E8 5.82623649E8 9.86239333E8 3.8446781E8 7.22406572E8 7.1458421E7 
1.19751527E8 6.73079597E8 5.80436932E8 7.13995703E8 2.6185376E8 8.36981853E8 1.92416205E8 1.1899034E7 7.89871981E8 7.91712612E8 8.43859648E8 6.30206558E8 5.11600095E8 5.46557746E8 7.89096559E8 8.63405312E8 4.40697889E8 8.27207563E8 3.18645341E8 3.77873568E8 
9.3184929E7 4.19865169E8 4.95527452E8 6.75790323E8 4.93538079E8 6.08175017E8 2.57327758E8 2.73462129E8 1.03313127E8 1.37816613E8 7.45848205E8 4.16119459E8 4.40876373E8 9.88334827E8 9.22491111E8 2.61586045E8 2.47744974E8 8.57755051E8 7.55046717E8 8.56826352E8 
6.75199522E8 6.72757699E8 5.20349473E8 9.04228023E8 1.1424637E8 6.25663401E8 5.73059E7 2.68577211E8 9.72671069E8 2.09206677E8 1.26086516E8 4.11037017E8 9.14838282E8 4.71052239E8 3.81813152E8 4.53040087E8 8.23058024E8 2.42235153E8 8.54861656E8 3.70858424E8 
1.3751787E7 4.07182017E8 2.44939871E8 9.00715066E8 4.731597E7 3.77697379E8 7.82389053E8 9.4653356E7 8.07494975E8 8.09275988E8 8.87696467E8 1.08981821E8 3.94239147E8 2.55327868E8 3.68995563E8 7.29963498E8 7.73437897E8 8.93380165E8 4.37369742E8 3.45520723E8 
5.7581831E7 6.77045863E8 3.91063975E8 5.57077503E8 7.53321769E8 2.6852635E8 4.22248594E8 3.92263552E8 3.05057071E8 8.88641142E8 6.33767668E8 1.27055229E8 7.88098857E8 7.84854794E8 1.8344248E7 5.5030487E7 6.60619112E8 3.62497497E8 8.49003125E8 1.51766381E8 
7.0509056E7 1.50352503E8 6.57011521E8 4.74009239E8 3.31435854E8 6.79009963E8 7.32426428E8 3.06099283E8 8.31799602E8 3.8863506E7 8.72377151E8 5.20232751E8 8.20957326E8 3.54352216E8 9.23499954E8 3.52496525E8 2.28994149E8 6.62027426E8 5.17481422E8 8.13211649E8 
9.19486792E8 7.12250278E8 2.82455612E8 2.47973384E8 5.4911731E8 2.7802403E7 7.28039581E8 1.44877815E8 5.13660449E8 1.47418854E8 9.4808083E8 1.43775467E8 2.96781015E8 3.58228842E8 2.62728992E8 3.44995158E8 9.06242058E8 3.78316465E8 9.30233592E8 4.37831761E8 
9.8153909E8 3.89090094E8 9.8908475E7 8.73193998E8 5.87638813E8 5.36875762E8 2.40992618E8 2.90159334E8 6.71415949E8 5.24126348E8 4.1267608E8 6.72785098E8 6.50544617E8 1.92865053E8 8.18349134E8 2.61375922E8 6.29015996E8 6.6458009E7 3.221713E8 7.1509925E7 
2.89117024E8 6.60537616E8 7.46346409E8 9.8447674E8 5.96619762E8 9.99874804E8 2.3028506E7 7.64383003E8 7.4094292E7 1.85224667E8 5.25573194E8 3.0031621E7 5.46673168E8 4.2646882E7 1.94887065E8 1.63783048E8 9.45258302E8 8.57528558E8 3.97917619E8 3.74958877E8 
9.64076053E8 9.46514036E8 8.07865251E8 6.51948508E8 1.12650237E8 3.52772279E8 9.79487255E8 1.35032105E8 9.76676325E8 2.63509556E8 7.07903522E8 5.21034563E8 3.07944875E8 8.43361498E8 7.05602305E8 4.71276009E8 9.00375842E8 5.3274705E7 6.09883762E8 6.35887098E8 
7.7389592E7 6.81715632E8 8.41767578E8 8.3040774E8 1.5254461E7 2.53520099E8 3.77430704E8 1.04690386E8 5.7714916E7 7.01423748E8 6.4529694E7 9.29479938E8 6.39118317E8 6.86290478E8 7.18301578E8 4.92644423E8 4.26422274E8 2.34282042E8 8.66125975E8 1.44881557E8 
8.14878785E8 9.22688892E8 6.74270598E8 3.63828467E8 9.67855471E8 1.90868811E8 2.86830926E8 2.15852983E8 1.7816803E8 4.78716468E8 5.34414167E8 1.86406691E8 4.46462222E8 8.02313303E8 7.28906736E8 4.22671433E8 8.21597938E8 6.4884381E7 5.070322E7 8.86332463E8 
2.28651724E8 8.709146E8 8.56064182E8 6.49663119E8 2.22068109E8 8.62253834E8 8.4809066E7 5.84707378E8 3.44654744E8 6.27266942E8 8.32339769E8 9.93198237E8 5.47529499E8 4.7560713E7 6.502877E7 3.03951378E8 4.31792491E8 5.41547586E8 4.04295946E8 8.24825243E8 
9.09609907E8 4.0080742E7 8.8223629E8 6.77940112E8 2.50560172E8 6.86623599E8 5.8045004E8 4.69700381E8 3.7850755E8 1.92891843E8 1.03766121E8 9.51265809E8 7.14932051E8 5.00633583E8 9.11838604E8 9.10468978E8 8.26558798E8 9.01189486E8 6.34134823E8 8.02777955E8 
6.28293709E8 4.6700928E7 6.27623222E8 1.76754572E8 9.16886775E8 3.50311749E8 2.01507626E8 7.78560092E8 5.66408144E8 1.17434521E8 1.29644119E8 3.3041234E8 8.03536348E8 3.76129899E8 2.98815561E8 3.69498768E8 5.9882169E8 7.81873417E8 5.9982765E8 2.0670276E8 
3.59502622E8 1.60461057E8 4.58430016E8 1.8601041E7 7.90116224E8 2.22531485E8 7.24354231E8 3.21542058E8 9.9905846E8 7.34159046E8 9.89300428E8 5.93216896E8 6.72413801E8 9.6019861E8 7.88492519E8 6.04985476E8 4.10787719E8 5.10539741E8 5.55461728E8 1.07322583E8 
1.30539957E8 8.14154175E8 6.46006646E8 8.71099827E8 7.67730173E8 3.217971E8 2.24817685E8 7.29021193E8 3.91251902E8 1.95449692E8 3.1704222E8 1.84381277E8 2.31044626E8 6.81066209E8 8.67106304E8 3.58416965E8 5.7938029E7 5.80916363E8 2.18397654E8 5.32874972E8 
8.13596302E8 2.42789505E8 2.9953617E7 3.11019118E8 3.82194762E8 2.65554098E8 2.80087077E8 4.68152484E8 9.19874751E8 6.84042553E8 6.71922186E8 8.91831985E8 2.13687147E8 7.40957903E8 4.52100875E8 6.22303362E8 1.28648645E8 4.79475403E8 3.81460327E8 8.95287189E8 
3.19699331E8 2.9743852E8 3.55270299E8 2.6209723E8 3.4763593E7 2.92526091E8 9.60658666E8 3.16174584E8 1.5781312E7 6.97492698E8 8.0142345E7 2.90472458E8 2.16489275E8 9.55562247E8 5.02719851E8 8.06727754E8 2.9889804E8 1.828019E7 3.87771056E8 3.55507705E8 
6.44822188E8 2.61607182E8 3.42048142E8 6.6502071E8 9.2448731E8 1.076308E7 8.16331766E8 9.77032744E8 1.01150101E8 4.0306776E7 5.05864597E8 3.89831797E8 1.18832492E8 5.73164198E8 4.47464033E8 8.51034604E8 4.19684766E8 2.40793211E8 5.4625462E8 8.7131249E7 
8.68156533E8 1.86400418E8 3.36250151E8 7.42015365E8 6.21068696E8 9.94102102E8 8.81553839E8 2.63348289E8 9.75843348E8 4.09147396E8 8.5873495E8 6.23457949E8 2.53562774E8 8.7779889E8 2.5978433E7 7.90574501E8 3.29192923E8 7.80191962E8 4.80893515E8 9.76555984E8 
5.08220426E8 8.55471182E8 3.36406659E8 7.8859426E7 6.7116437E7 7.25728255E8 7.02952659E8 4.07364058E8 9.24455048E8 6.1374284E8 1.55217187E8 7.40754624E8 5.90177336E8 3.19253961E8 1.82972989E8 9.9252485E8 7.52406702E8 2.69466437E8 4.78091057E8 2.83262544E8 
6.04385205E8 9.91723074E8 2.93597153E8 1.3728825E7 2.88514296E8 6.69750243E8 5.25683065E8 6.12346506E8 6.40147966E8 5.39610949E8 6.15871075E8 9.91063332E8 7.5069966E8 7.5747568E8 8.48069259E8 3.85157863E8 7.37789298E8 2.8548522E7 1.24044097E8 1.75407117E8 
5.09569746E8 7.24962033E8 8.40876295E8 4.95136809E8 2.41037129E8 4.40181371E8 6.5254274E7 9.10026371E8 7.42042899E8 9.28434237E8 8.01999404E8 2.25142818E8 8.89889513E8 1.59910314E8 7.88005467E8 5.21528693E8 8.23806109E8 7.85950098E8 9.07814834E8 8.53771281E8 
6.54264369E8 6.53169455E8 2.3341781E7 6.50331427E8 2.7008617E7 1.31443389E8 7.377933E8 7.50012381E8 9.99838916E8 9.27898219E8 3.72626467E8 1.8080008E8 3.39598899E8 7.47538792E8 2.26420445E8 2.4140837E8 5.27485581E8 6.30863295E8 5830612.0 1.81213668E8 
4.72710896E8 4.9795071E7 1.71330702E8 7.90865853E8 1.77710166E8 8.75487211E8 8.24238723E8 5.13712856E8 3.72505731E8 1.45032776E8 6.76560849E8 2.67278946E8 4.41498687E8 1.48839162E8 5.91476833E8 2.4387274E7 8.02875349E8 7.36402663E8 1.59829455E8 3.45119769E8 
2.68979309E8 8.95445018E8 7.86769688E8 4.7365819E8 8.15414102E8 5.9785102E8 8.02748289E8 3.18152445E8 6.17305267E8 6.2557213E8 1.84333217E8 6.17113033E8 1.73064845E8 5.90638278E8 5.7287229E8 8.62427013E8 8.29165492E8 6.45645791E8 4.12808352E8 9.694754E7 
4.3845355E7 4.44567071E8 1.96494161E8 5.33709155E8 2.8332866E8 7.58452944E8 9.98642895E8 5.4172328E7 5.31061738E8 7.76576062E8 7.11089609E8 3.4502405E7 8627301.0 5.3079009E8 6.4732709E8 6.21739697E8 8.56414853E8 6.9355647E7 4.76320099E8 5.35818778E8 
2.02788183E8 9.76211039E8 7.66389579E8 7.08747177E8 2.62406036E8 5.82641944E8 7.72498586E8 5.88854267E8 8.47514965E8 7.50531096E8 4.8405991E8 7.35873974E8 9.50448425E8 4.19845321E8 3.65425193E8 4.1172524E8 8.61229673E8 2.07743949E8 6.67503693E8 2.32206597E8 
6.21090093E8 2.22669468E8 6.66498546E8 5.86422366E8 4.80879085E8 9.14007148E8 6.94536843E8 4.53609794E8 4.32755183E8 2.16377648E8 3.67009421E8 4.51137775E8 8.14212287E8 4.67352929E8 9.82725027E8 4.32799329E8 4.45409431E8 5.78362007E8 6.75522609E8 7.23122217E8 
7.53935615E8 7.20780342E8 5.29774632E8 1.21272433E8 8.65556279E8 3.52672427E8 5.37253466E8 1.37228199E8 6.95151438E8 7.56384738E8 9.69121514E8 5.33252629E8 6.58969722E8 3.83161147E8 4.64345442E8 1.35295403E8 7.47486783E8 2.08181559E8 8.94623652E8 5.1804903E7 
3.47570271E8 9.8789921E8 8.55954608E8 8.91534544E8 3.83318136E8 7.81279732E8 4.58264223E8 3.07277428E8 5.6850258E7 3.47521329E8 9.37047562E8 2.0906628E8 7.13498704E8 6.5061771E7 4.94771045E8 2.88226357E8 1.30254561E8 8.30155053E8 6.94819062E8 7.2770814E7 
8.3199445E8 9.88026267E8 6.77058784E8 5.94979679E8 8.76923421E8 7.25590766E8 4.41635477E8 8.93605036E8 9.20834916E8 5.11949371E8 4.56400221E8 9.9599651E8 2.69202995E8 1.11348621E8 8.83410377E8 7.29543047E8 5.6785372E7 4.13021249E8 7.91232778E8 6.97178029E8 
6.56330563E8 8.23298661E8 8.22318441E8 1.8296663E7 9.11146285E8 2.47613967E8 9.18506459E8 9.84286374E8 8.10699949E8 7.53490454E8 8.72754193E8 6.06971685E8 7.84086664E8 8.50336982E8 6.71479664E8 1.48627664E8 8.73114093E8 9.478485E8 8.19441299E8 1.1381666E8 
6.6491713E8 9.62036377E8 9.7868899E7 8.56155338E8 1.3430422E7 2.26389488E8 4.96599308E8 9.07220075E8 2.59709343E8 8.35394293E8 3.822588E8 3.70150429E8 8.73005749E8 2.9861784E8 3.17073548E8 2.37112449E8 1.77667686E8 9.15784757E8 3.26678623E8 2.87634363E8 
1.05346577E8 5.96755807E8 8.30334796E8 3.03929306E8 7.17659951E8 9.45041894E8 8.93251635E8 6.99671261E8 5.81371287E8 2.99464095E8 9.38254719E8 3.00291564E8 9.46312649E8 8.5797186E7 5.6282318E8 9.35715459E8 7.569041E7 2.68709729E8 6.47563549E8 7.10559315E8 
9077607.0 9.14041839E8 5.13474425E8 3.0216075E8 5.00311168E8 8.72436792E8 4.87896033E8 4.03415623E8 8.65676129E8 3.77570288E8 8.72827213E8 4.75247502E8 2172691.0 9.15697046E8 9.74332034E8 3.02636131E8 8.91326731E8 6.7961558E7 5.48046938E8 4.58484031E8 
4.9091779E8 1.52895919E8 7.43338176E8 6.71200988E8 3.5162811E7 4.03754281E8 3.87449324E8 2.64738208E8 4.13308195E8 1.03810627E8 2.41016274E8 2.93905473E8 4.77246561E8 5.72471893E8 6.77617461E8 7.33155964E8 8.40688699E8 1.46036575E8 9.2565514E7 9.3625228E7 
9.75585285E8 3.29154155E8 2.29935383E8 1.41062384E8 1.85907144E8 1.06518091E8 5.31863998E8 9.66392605E8 3.44556491E8 9.9905134E8 5.60444252E8 5.21002409E8 1.16096196E8 8.24819971E8 5.20076338E8 8.7044023E8 7.56147753E8 2.82137139E8 9.16927835E8 8.43076407E8 
4.77722941E8 4.10795952E8 4.32193254E8 4.54368282E8 8.05417941E8 7.07096762E8 1.57132902E8 4.72727967E8 3.00313195E8 1.69310459E8 4.40409608E8 7.59591322E8 5.31585855E8 8.32446404E8 7.32031409E8 5.64139038E8 1.95256039E8 4.14669801E8 9.73247069E8 7.82221243E8 
8.36152366E8 5.42440192E8 2.7803025E8 2.99389757E8 7.16095351E8 6.47419036E8 8.7932768E8 9.29542673E8 9.89462852E8 3.5421132E7 5.7203508E8 1.33538327E8 4.96714286E8 8.16160935E8 1.74704456E8 6.56236604E8 1.67115454E8 3.52271965E8 8.53274426E8 4.55777659E8 
2.33819251E8 6.37052993E8 5.02655492E8 8.15509082E8 2.07622044E8 5.42622607E8 7.65790199E8 3.26824966E8 8.30129248E8 1.93639075E8 6.84847644E8 5.1028077E8 3.2727729E7 8.16469972E8 4.25501095E8 2.02700514E8 2.64677109E8 2.89671738E8 9.92775972E8 4.79593838E8 
4.21795354E8 2.78866774E8 3.6574489E8 8.05051742E8 6628935.0 2.77581424E8 1.8385567E7 3.05392433E8 8.1661258E7 9.5335366E7 3.65206066E8 5.48178979E8 3.9027564E7 3.35249068E8 2.7278151E8 9.74832914E8 2.03368265E8 1.85662952E8 4.12134831E8 1.82919281E8 
8.08866886E8 4.13737959E8 8.91933609E8 5.8328001E8 9.47182697E8 7.93734332E8 3.08764051E8 5.67544195E8 6.69902742E8 3.28641495E8 7.8281939E7 2.1314546E8 5.47300948E8 5.31058708E8 6.69830048E8 7.25828079E8 6.34607168E8 7.17702894E8 1.57149584E8 2.73725032E8 
9.77652568E8 7.41646233E8 3.19103731E8 6.02443024E8 5.01671624E8 8.37362968E8 3.76868648E8 8.37190436E8 3.70205606E8 2.85891252E8 3.3783817E8 1.75836711E8 6.75466043E8 4.20892592E8 8.31525967E8 7.55892116E8 6.27180734E8 9.1117907E7 2.69039025E8 8.38749399E8 
2.43859567E8 7.076572E7 1.35234802E8 5.9612957E8 9.18580231E8 6.6444733E7 2.31463846E8 2.06526394E8 1.30809466E8 9.07929483E8 7.26838386E8 6.73544949E8 6438226.0 2.2962429E8 9.4725672E8 7.63382002E8 3.90124216E8 4.50627446E8 9.33952146E8 7.25296579E8 
5.87198384E8 1.43514091E8 9.37124398E8 6771662.0 9.56807223E8 9.45432395E8 1.75250349E8 4168581.0 9.3625225E7 9835261.0 3.86960155E8 28026.0 4.22387466E8 6.23144779E8 9.29903735E8 8.29772558E8 6.47655411E8 1.7874916E7 4.39821725E8 4.9341746E8 
6.50643028E8 6.02213123E8 3.53074246E8 8.81998076E8 1.05595277E8 7.95788745E8 9.17169388E8 2.37734E7 3.00123976E8 4.12332812E8 6.66373094E8 7.71867683E8 3.87070762E8 6.2159792E7 7.23270569E8 6.52862334E8 5.69880979E8 3.60879099E8 7.02188574E8 6.74953207E8 
5.29135961E8 8.25470035E8 4.36677356E8 2.54639157E8 7.34805543E8 2.1483112E8 2.3078958E8 6.2509172E7 1.56946739E8 7.29140644E8 8.42682794E8 5.11547904E8 2.86988349E8 9.20842569E8 9.49111439E8 8.15479711E8 3.12405489E8 3.89797419E8 4.10662602E8 3.0024009E7 
7.49502059E8 3.3611588E8 2.60129964E8 2.56535479E8 8.32183282E8 8.26417556E8 9.70208218E8 2.35354699E8 4.79014431E8 1.92735734E8 2.21730259E8 8.85296348E8 7.16525817E8 3.28014005E8 8.995789E7 9.56053279E8 2.3638541E7 7.68118279E8 2.9397631E8 8.51896668E8 
1.80249171E8 3.57513673E8 9.13031389E8 8.57904115E8 8.52425801E8 9.84232419E8 7.63687792E8 4.54048698E8 3.27331908E8 3.39485782E8 4.52975373E8 1.37833991E8 5.22908521E8 9.08249198E8 9.75230131E8 1.92761199E8 6.40509416E8 4.29376471E8 6.04124878E8 1.37766639E8 
6.03097808E8 8.77275779E8 7.4642434E8 1.7186881E8 7.27277212E8 6.11906075E8 3.70287871E8 7.88616245E8 9.14343548E8 7.19830038E8 5.98482645E8 8.76528814E8 1.3708882E7 7.26285194E8 6.5658617E7 4.4576425E7 9.11462184E8 7.96712286E8 6.78876241E8 6.15841359E8 
3.27495475E8 2.65905989E8 4.91866395E8 7.17860897E8 2.66539051E8 8.33929989E8 5.06041507E8 1.64749673E8 5.6161218E8 5.0164609E7 3.45065651E8 3.74051981E8 9.72811076E8 7.70332149E8 9.14830644E8 3.90375958E8 8.60018746E8 1.160714E8 3.5697395E8 1.98213375E8 
5.35036458E8 9.2609352E7 8.31613541E8 8.97949943E8 1.6799832E7 4.27304909E8 9.23763965E8 9.91923187E8 6.2757248E7 3.8031575E8 7.57936427E8 9.81485691E8 3.0151601E7 2.4836596E8 2.26715607E8 7.11383819E8 3.32861438E8 3.3569256E7 9.1644045E7 4.14363333E8 
2620634.0 2.81488059E8 9.8534767E7 2.06764549E8 1.37850456E8 4.06086383E8 6.6437148E8 8.6497187E8 8.29001702E8 9.13960465E8 1.39244763E8 7.2933483E7 4.86218581E8 8.16207514E8 1.24311886E8 9.72569114E8 3.63300317E8 1.73520091E8 8.35556817E8 7.71734719E8 
4.71350294E8 1.58569432E8 4.3166179E7 3.68515254E8 6166584.0 2.39468445E8 6.87625741E8 4.35967367E8 8.75342158E8 8.9080845E7 8.76181338E8 1.78036278E8 9.04206457E8 6.07170002E8 5.97097172E8 1.522225E7 8.24155003E8 5857557.0 1.54183141E8 7.87673259E8 
2.02576645E8 2.53588074E8 2.0352538E7 6.73733013E8 6.0503207E7 2.98773208E8 5.3650988E8 9.13574036E8 4.2269572E7 4.01514619E8 6.40858064E8 6.00397505E8 6.50886759E8 5.90282178E8 6.03753175E8 2.5578347E8 2.43494401E8 7.30150127E8 5.64523908E8 6.41125771E8 
1.9317293E8 9.40170498E8 5.1921221E8 2.73688391E8 8.6656056E8 1.29689827E8 2.91980065E8 4.13671065E8 8.4113316E8 2.36891408E8 9.37967534E8 8.67773612E8 9.1670006E7 3.47572489E8 9.71674672E8 8.15100029E8 7.12342157E8 2.48141505E8 7.92480748E8 2845226.0 
1.09024299E8 1.24048076E8 6.8770161E8 8.2058138E7 4.95844767E8 5.3333962E7 8.33626412E8 5.57877474E8 9.60653026E8 6.64720587E8 7.86263197E8 8.13986957E8 3.25997303E8 8.30624944E8 5.606217E7 9.37639347E8 5.25369579E8 5.47722078E8 4.94674501E8 6.19449268E8 
2.38889301E8 2.21149469E8 3.86843675E8 2.31257273E8 8.8260535E7 4.13174409E8 3.36815265E8 2.95718303E8 7.77752338E8 7.43122981E8 2.66190265E8 9.52870026E8 1.8611522E8 3.259481E7 9.8935986E7 7.01787454E8 5.63761622E8 9.78465031E8 9.99307837E8 6.49532254E8 
6.70201235E8 6.05901473E8 3.497241E8 7.34956577E8 8.98637177E8 5.04600897E8 8175080.0 9.11522683E8 1.77792498E8 3.83675635E8 7.68536863E8 7.1151312E7 7.15450346E8 7.94097986E8 3.62199307E8 5.70213461E8 4.53856062E8 9.62336157E8 7.85706691E8 5.79131396E8 
4.44042283E8 5.54792825E8 2.1664827E8 1.18656725E8 2.14303703E8 8.49882931E8 2.88825884E8 5.6874459E8 6.07460462E8 2.33064952E8 3.7763895E7 6.40044793E8 4.92214937E8 1.49865459E8 3.9891626E8 2.83382108E8 2.15819445E8 6.52914165E8 7.43464691E8 7.79199887E8 
6.58437172E8 4.61232705E8 5.70390515E8 2.9679198E8 2.73992306E8 1.3497101E7 1.38542485E8 5.4225033E8 5.5796981E8 3.41720613E8 5.18711189E8 7.24406681E8 9.69538835E8 7.1777977E8 2.73260266E8 9.59648541E8 4.5353824E8 9.32433529E8 7.29653731E8 4.09341025E8 
3.57276779E8 7.54961704E8 6.04257091E8 8.97687948E8 7.17763905E8 5.91275396E8 5.540799E8 4.93216834E8 6.06902427E8 6.09328721E8 8.6666168E7 5.53674455E8 4.65336887E8 6.32887867E8 1.42127347E8 3.1970469E7 1.30066794E8 9.18189891E8 5.76353015E8 4.19909053E8 
5.66597213E8 5.2275036E8 7.2072236E8 5.66799437E8 1.53313503E8 3.51555255E8 1.71179038E8 7.51637714E8 7.33931088E8 1.23099504E8 9.68321273E8 8.10404648E8 5.53284964E8 4.36210686E8 3.70197465E8 8.24124722E8 6.22388275E8 8.38323376E8 4.90787413E8 8.58684055E8 
2.0602541E7 2.96845789E8 1.79687708E8 5.14005921E8 1.35926957E8 7.57487227E8 6.52309305E8 5.88034372E8 8.68827639E8 5.36891345E8 5.44934154E8 9.90077922E8 3.80692247E8 1.41646655E8 2.65266786E8 1.48416899E8 5.4909241E7 7.31722481E8 7.36656051E8 5.48679594E8 
9.56734742E8 8.53604844E8 8.92951028E8 7.123438E8 2.27524949E8 2.56883804E8 5.70994359E8 8.78822162E8 5.29575106E8 5.77769683E8 7.69044966E8 8.8994097E8 8.6972087E8 4.23992783E8 5.91962049E8 2.92223932E8 8.73021265E8 9.27767408E8 5.87769992E8 4.70243814E8 
8.52257422E8 1.46977555E8 5.95264104E8 7.03406301E8 8.24644193E8 7.89468658E8 6.68605607E8 3.9888235E8 9.64066839E8 6.11305449E8 1.22393205E8 3.95006705E8 8.45318575E8 4.97083615E8 2.4948805E8 1.52311417E8 2.36228642E8 6.68858574E8 8.03907727E8 8.53465518E8 
1.24234933E8 6.89981989E8 9.1239402E8 9.18742895E8 1.25869581E8 9.31112555E8 6.80798087E8 2.10242404E8 4.20788827E8 9.47894592E8 3.95216163E8 2.45935515E8 8.76394122E8 7.83274692E8 8.82847563E8 7.3718781E7 8.4753998E7 5.52152304E8 2.93836024E8 6.5999109E7 
6.20451576E8 7.92038019E8 2.92894272E8 7.86942738E8 9.46145409E8 9.70618924E8 4.08301258E8 2.57368984E8 4.2046592E7 2.29607099E8 7.5899938E7 3.96372271E8 1.6178391E7 9.13974336E8 7.37012926E8 1.54107228E8 6.64198703E8 6.86652252E8 2.01732381E8 8.66773352E8 
1.9073036E8 6.1003701E7 3.72829379E8 6.626868E8 7.85575E7 9.96848099E8 3.40567369E8 3.27429245E8 3.97711057E8 8.00549467E8 8.04992893E8 8.96414696E8 6.83379786E8 9.4565299E8 7.59816483E8 3.84816712E8 8.79747978E8 5.87782158E8 3.80785183E8 4.87650658E8 
7.46274564E8 4.85985193E8 1.01487121E8 7.86906165E8 5.53592672E8 7.62446209E8 9.30818425E8 9.87977585E8 8.58122507E8 4.33452552E8 1.68880751E8 9.74241264E8 6.37654787E8 9.26737291E8 8.1186753E8 1.6479656E7 9.4575871E7 8.63791333E8 1.01535919E8 3.0295488E8 
9.89069606E8 2.30467063E8 8.71150271E8 6.628477E7 4.51545384E8 6.85171149E8 5.67322193E8 9.7487696E8 8.417056E8 1.61171888E8 8.5961472E7 1.29527334E8 3.71079987E8 1.0802147E8 8.50590922E8 9.59891329E8 8.86518203E8 6.86821629E8 8.82567326E8 5.50887789E8 
4.24046164E8 9.85036651E8 9.65289857E8 4.45696893E8 8.85655935E8 8.48784743E8 3.88266362E8 7.69864896E8 4.66012495E8 2.44015278E8 1.71946925E8 6.00130236E8 2.61725329E8 1.52705996E8 1.2052302E8 8.61937338E8 8.32746403E8 8.86190356E8 5.27430205E8 6.81205239E8 
3.53620667E8 3.54953059E8 8.67080367E8 3.8770699E7 3.91728632E8 2.7270631E8 3.46389895E8 7.80026305E8 2.8032511E8 4.92288216E8 7.60957923E8 5.17625934E8 5.16092276E8 6.7189933E8 7.03288694E8 7.31731471E8 6.0408896E8 2.52421271E8 8.04241088E8 4.20126075E8 
2.97392262E8 2.90037152E8 3.53926752E8 9.79621377E8 2.34391957E8 3.3100286E7 3.44568351E8 6.1053672E8 5.63611669E8 2.58174591E8 7.05367613E8 4.27630747E8 2.64095283E8 2.87395951E8 2.58222443E8 6.33717249E8 5.18811105E8 2.97781006E8 7.13171223E8 5.66298132E8 
6.79189855E8 2836176.0 8.43731666E8 1.62898565E8 7.0827468E7 3.7796003E7 8.34840247E8 4.0739069E8 1.33546974E8 4.12047016E8 6.79887915E8 6.17443677E8 1.63428146E8 2.05769542E8 4.18386185E8 1.2339817E7 2.30077806E8 2.82556169E8 9.52087338E8 8.60747565E8 
6.79327208E8 1.65742984E8 1.54921187E8 6.49644235E8 9.99707724E8 3.83415293E8 899964.0 1.38432453E8 7.30469446E8 5.2552682E8 4.74182116E8 8.66396377E8 5.19571743E8 9.76297469E8 9.6774687E7 6.66994585E8 4.01988883E8 7.86031809E8 1.189298E7 9088853.0 
8.61837583E8 4.28726087E8 6.94785668E8 5.33059127E8 2.66247889E8 2.55309589E8 5.27871873E8 9.78856691E8 8.14562356E8 2.97091083E8 6.73326548E8 8.13399103E8 2.33362958E8 6.99958929E8 9.03788958E8 2.56312026E8 6.5989074E7 4.77109322E8 3.10658622E8 7.5874701E7 
5.5462366E8 4.56553946E8 9.9481559E7 4.81127218E8 7.93689533E8 2.69384838E8 3219379.0 6.71449411E8 4.5210824E7 9.75750671E8 1.96732412E8 1.2152287E8 8.49959536E8 4.57725606E8 9.79597249E8 4.77438855E8 8.42620448E8 2.1727961E7 9.0941791E8 1.8816743E7 
9.84872764E8 7.47872778E8 5.14079548E8 2148960.0 2.6719926E8 9.99619138E8 1.88931863E8 8.42190116E8 7.98399781E8 1.64298843E8 3.93679009E8 1.1059463E7 6.01198351E8 1.33590754E8 8.03791684E8 7.38827509E8 3.62997967E8 2.5273079E8 6.42545897E8 8.4709008E7 
8.5275129E8 4.68224361E8 2.2332726E7 7.14586314E8 7.08079095E8 1.86054802E8 7.57671311E8 7.68438341E8 8.21182646E8 9.15857854E8 7.77397427E8 5.30352445E8 6.07760478E8 1.2125837E8 9.59788526E8 2.24147464E8 3.0053352E7 8.22542668E8 9.41925188E8 1.49238225E8 
3.63306195E8 4.05066266E8 2.13378201E8 5.44223277E8 3.44349175E8 7.75272667E8 5.94349463E8 1.9778825E7 5.21664347E8 4.75926762E8 1.9683831E7 1.37793978E8 3.38218503E8 6.23141493E8 4.02708272E8 7.30283534E8 7.21506808E8 5.60004076E8 2.36643739E8 8.49466228E8 
7.29665666E8 9.35084264E8 5.06374143E8 8.19498009E8 1.08177794E8 5.08833349E8 4.2964582E8 7.20701463E8 4.48606077E8 3.66860048E8 5.24310222E8 7.78733808E8 8957161.0 3.76294717E8 5.07011291E8 5.5398785E8 1.54689504E8 6.59931376E8 5.68758272E8 5.30621553E8 
8.10045054E8 5.82562193E8 6.44113647E8 6.89963572E8 2.71297494E8 2.44896716E8 3.93265131E8 9.19643682E8 2.26673958E8 7.62684029E8 7.5003926E8 6.57648308E8 8.5212164E8 6.72132762E8 5.395391E7 9.99603482E8 4.07754369E8 6.47450795E8 9.8069546E8 6.07938645E8 
8.46728354E8 3.42302266E8 7.12945796E8 1.53186219E8 5.6646051E8 5.74207096E8 5.2272999E7 6.90524143E8 5.81516881E8 2.59383744E8 4.62839334E8 3.28768911E8 7.8162221E7 4.7526342E8 3.58968363E8 7.84379803E8 5.22476691E8 7.78879669E8 3.01152778E8 9.29634778E8 
2.3710914E8 4.41564534E8 1.48872962E8 2.41991642E8 6.36150254E8 5.73858863E8 6.33636269E8 1.40748811E8 1.13273859E8 2.09270226E8 2.61934793E8 5.57471372E8 9.15207715E8 2.91489861E8 9.35359809E8 7.2825069E8 2.00759754E8 1.66905024E8 1.83899201E8 1.18716352E8 
8.85039744E8 6.22721034E8 4.48483396E8 5.96821075E8 7.99180143E8 7.30732986E8 4.20134996E8 4.53771447E8 1.57774474E8 7.57764061E8 4.5615474E7 6.40077745E8 3.19414849E8 1.86013864E8 4.43251936E8 6.31548664E8 3.5012525E8 4.50036818E8 6.37666063E8 6.6915787E8 
9.55150441E8 3.4179685E8 7.18415953E8 7.27060876E8 9.31474994E8 1.61222017E8 7.5510088E8 4.54642405E8 4.11610518E8 5.96908109E8 5.60268527E8 5.11326055E8 8.18603787E8 1.0097866E7 1.81502288E8 1.66979167E8 6.32881985E8 2.64788514E8 8.25356233E8 7.76098208E8 
7.83465667E8 4.977968E8 7.68343981E8 7.50560608E8 7.19243991E8 2.54837676E8 6.93976701E8 9.53581136E8 9.90420982E8 2.32148831E8 8.09884971E8 1.6612578E7 4.7590537E8 4.57920517E8 4.5347498E7 9.41281297E8 2.29330748E8 1.23765607E8 6.0708978E8 4.90050613E8 
2.84557152E8 4.33692842E8 1.80003907E8 2.92156259E8 6.6091872E8 7.765213E8 9.9480405E7 2.95459399E8 2.39146275E8 2.4740184E8 8.93331915E8 1.80214675E8 1.40808209E8 4.5086976E7 6.93827038E8 6.17352309E8 7.37276537E8 5.53818018E8 1.54142947E8 8.01724248E8 
4.38639093E8 9.82174116E8 6.68583049E8 5.19866902E8 9.68643523E8 2.75954791E8 8.92195994E8 1.22183705E8 9.18671865E8 6.48144191E8 7.829711E8 1.610526E8 9.9190933E8 4.76231711E8 6.48574057E8 1.2921541E8 4.98284653E8 5.05639938E8 9.69626369E8 6.86907008E8 
3.41423396E8 2.67738063E8 9.2820656E7 1534455.0 9.50769636E8 3.71894948E8 2.3970299E8 3.40317041E8 3.55195951E8 8.63252631E8 6.60742914E8 8.5415075E8 8.68834895E8 1.51377903E8 1.79350282E8 5.70060971E8 6.65530033E8 1.09676078E8 8.16787477E8 9.69960232E8 
8.55218192E8 8.21427225E8 6.66464785E8 1.75027872E8 5.43718539E8 1.05532296E8 6.94895188E8 6.77881503E8 7.56818821E8 3.93532877E8 6.86624473E8 7.68810519E8 4.0212311E7 7.49194634E8 1.21741333E8 2.87694167E8 8753700.0 8.22921443E8 3.77111244E8 9.9828115E7 
1.11665915E8 3.15493693E8 2.76267119E8 7.41734916E8 4.04744069E8 8.9100521E7 6.77928213E8 1.2135114E7 1.76266802E8 4.08362647E8 4.89409087E8 8.93608059E8 8.6023901E8 9.20018954E8 2.18717688E8 8.2072118E7 7.887547E8 8.87176285E8 9.37932475E8 5.74066158E8 
9.84681998E8 8.82498941E8 3.20486363E8 2.1591559E8 3.76536999E8 6.14440363E8 2.36274744E8 8.54217547E8 5.2932686E8 8.11596563E8 2.41043981E8 7.43682111E8 2.28306731E8 1.22487147E8 1.80305757E8 1.66216685E8 2.7009202E7 8.01546462E8 4.3061487E7 7.94243875E8 
1.7656901E8 5.46833642E8 1.46910631E8 1.91593515E8 1.90279623E8 2.30947583E8 7.13655112E8 9.86911282E8 6.65482695E8 4.2385856E8 9.033016E8 6.77378611E8 8.84305165E8 5.44845623E8 4.14402525E8 7.2463918E8 1.45423072E8 2.00454555E8 8.29965091E8 5.90179607E8 
7.40944949E8 7.66368871E8 9.90697573E8 6.24012898E8 9.85672025E8 5.53311616E8 8.11150417E8 2.68365644E8 7.30406301E8 9.60573465E8 1.19349346E8 8.67170213E8 3.46641807E8 8.65488232E8 2.96806135E8 4.82516157E8 2.5688797E8 1.23154322E8 7.23332402E8 5.10815713E8 
7.03038977E8 4.57926284E8 2.89870395E8 5.64289878E8 5.9461606E8 2.1667812E8 5.32593877E8 3.7483703E7 9.59374307E8 4.23566005E8 2.62821597E8 1.3870447E7 7.30679587E8 3.26994469E8 9.19824199E8 6.84205752E8 3.49225172E8 1.61717514E8 2.57395556E8 2.46145178E8 
9.31071442E8 1.62481543E8 3.90097265E8 3.33739384E8 5.59656758E8 9.60344647E8 6.71375368E8 3.85772827E8 5.96341106E8 3.68782433E8 3.53286539E8 3514121.0 7.72208094E8 2.2391786E8 4.86360326E8 2.71296699E8 2.23265671E8 3.81688546E8 5.8163358E7 2.1745089E8 
5.6184921E8 1.9449209E8 9.40420014E8 7.8459576E7 5.38944932E8 7.90826062E8 8.17083493E8 7.95811332E8 8.45316018E8 2.6366607E8 8.99540068E8 2.22876503E8 1.23727203E8 4.36802077E8 9.00168468E8 8.48233153E8 3.20228515E8 2.23079184E8 4.31765491E8 4.52221659E8 
8.9371824E7 7.14466315E8 7.27887618E8 5107684.0 8.6399198E7 5.1102155E7 3.37948102E8 2.88085708E8 6.28854876E8 8.04944815E8 2.40947393E8 1.7245599E8 3.90737631E8 8.3377844E7 6.4300425E8 2.27659864E8 5.04224091E8 8.09101963E8 5.76393971E8 3.45459888E8 
6.8715726E8 6.64868483E8 3.01588854E8 3.65402664E8 7.88909362E8 5086865.0 4.28835543E8 2.65803802E8 4.52891205E8 6.31065353E8 6.22092514E8 3.44846199E8 4.30895197E8 7.02620494E8 7.25690497E8 9.57984105E8 4.52622773E8 2.16017412E8 1.62867258E8 8.00697456E8 
4.53160969E8 4.16679829E8 4.95367561E8 4.29741793E8 3.91837259E8 2.34834995E8 1.04587851E8 7.01391542E8 8.57795695E8 3.33235248E8 5.7284647E7 7.1775119E7 1.50801187E8 6.38324872E8 3.52654433E8 2.52252676E8 5.50193413E8 2.89697164E8 9.12631952E8 5.41888154E8 
4.0575235E7 7.87412867E8 8.73542939E8 2.69419464E8 8.4973515E8 7.42728792E8 9.6478625E8 1.68731716E8 7.72467004E8 4.501042E7 1.9009621E7 1.84690432E8 4.03364201E8 4.46080532E8 9.48282133E8 1.6029272E8 8.2330219E7 5.32981049E8 8.42055651E8 9.1446398E7 
5.68460581E8 8.11102702E8 1.95246629E8 1.52288422E8 2.01116109E8 1.51863396E8 6.58558386E8 4.91805574E8 5.81421037E8 1.72592787E8 1.18203622E8 8.81621693E8 6.13083595E8 2.11006791E8 3.58475325E8 6.55167994E8 7.8350986E7 4.3263331E8 3.8153916E7 2.0053474E7 
7.93074461E8 2.66775492E8 2.20527003E8 7.48305206E8 7.84274438E8 8.05076855E8 2.36837576E8 4.53248818E8 8.64259643E8 1.6478319E7 2.34265289E8 1.47151742E8 4.37268227E8 6.33334013E8 3.62084664E8 5.40352889E8 3.67762977E8 3.45679365E8 1.83433073E8 5.90454444E8 
2.63926812E8 5.04121144E8 5.65160481E8 1.39252613E8 5.85568652E8 8.76546491E8 9.94521749E8 8.5435888E7 5.72564011E8 1.29823562E8 9.99011809E8 4.32681031E8 1.08118631E8 6.14893616E8 1.04432616E8 7.256284E8 2.80557586E8 7.22130951E8 5.56320178E8 8.40319924E8 
5.88006189E8 5.43573048E8 8.51148739E8 8.31034519E8 4.4224335E8 8.29600775E8 9.76268657E8 5.52057267E8 8.71171933E8 2.59874137E8 1.41323072E8 7.0770495E7 9.3764684E7 8.61806329E8 6.98928066E8 4.67555823E8 9.47008555E8 4584800.0 8.98689498E8 4.7834893E8 
9.81284023E8 7.72725429E8 9.6169303E7 5.77288881E8 4.08780476E8 6.80371447E8 4.7202802E7 5.19756852E8 9.88962259E8 6.26026096E8 9.58007605E8 7.0199621E7 3.65764634E8 7.07134382E8 3.2813965E7 6.24485315E8 3.33112511E8 1.4905455E7 3.63285284E8 7.03140233E8 
9.98518898E8 8.11994403E8 1.37786786E8 8.39667143E8 8.38934575E8 5.59138135E8 3.13599036E8 2.17247137E8 1.98683885E8 1.01567013E8 9.1462563E7 5.17478594E8 8.66235984E8 9.51990321E8 7.593783E8 8.36408314E8 9.84724995E8 1.4180358E7 7.31378457E8 1.95961567E8 
7.00546283E8 2.79655893E8 8.97020424E8 1.32979359E8 6.35020503E8 9.99693551E8 7.18646349E8 8.3422517E7 4.76030653E8 5.85870667E8 8.65989529E8 7.95904277E8 7.29702098E8 2.4571093E7 5.61498009E8 8.06564088E8 9.46608878E8 9.04361183E8 2.24784795E8 8.6397188E7 
5.42654113E8 2.49869969E8 4.50903206E8 3.32506091E8 6.71686416E8 2.31784228E8 8.34684782E8 1.634151E7 4.75077765E8 4.79795567E8 6.62166664E8 2.24851905E8 4.3290333E8 1.63813228E8 3.0173715E7 5.34562514E8 4.72026464E8 2.28482815E8 5.2641042E8 6.43956236E8 
9.48307617E8 1.67028009E8 2.04956276E8 2.5612979E8 6.13318641E8 5.02658461E8 2.25847491E8 7.51551274E8 2.00359103E8 7.09263913E8 1.92466963E8 5.19845591E8 3.20234347E8 6.47841149E8 9.16753522E8 4.29886562E8 9.44170143E8 7.21076707E8 6.978038E7 8.0907567E8 
8.69401601E8 8.55735207E8 9.34042225E8 4.75539504E8 2.12389352E8 1.1097937E8 2.63828589E8 8.21078487E8 1.55279036E8 1.80474594E8 8.1351274E7 6.78052526E8 8.83134765E8 3.07107285E8 8.8831839E7 7.19989229E8 8.92641098E8 1.61373185E8 2.60544502E8 4.4355309E8 
6.27382377E8 4.7967706E7 9.3849047E7 3.58614995E8 7.00471693E8 3.998377E8 9.44537015E8 8.73512922E8 8.02216718E8 8.94930032E8 8.49353989E8 5.04196991E8 7.58672937E8 6.88099275E8 2.47349246E8 4.58802432E8 1.06349299E8 1.89113069E8 5.1743774E7 3.53296632E8 
9.78995139E8 5.37420497E8 5.95296203E8 7.99197312E8 6.4311518E7 4.25325526E8 7.4685517E7 8.70961092E8 8.81594031E8 2.03433451E8 2.53218358E8 8492384.0 6.55728043E8 2.65715898E8 3.46207883E8 7.39325052E8 6.18621902E8 5.5626547E8 2.09660163E8 7.15380108E8 
6.56077057E8 6.65788217E8 1.80443242E8 9.50804749E8 8.362586E8 3.93108837E8 1.74902662E8 8.20249317E8 5.05343563E8 8.35439541E8 9.42927173E8 3.310405E8 3.16588547E8 4.0890442E7 6.95756244E8 4.18060551E8 7.70971941E8 7675967.0 6.78361209E8 5.26743963E8 
5.90730562E8 3.46697915E8 6.41020034E8 5.47454418E8 5.21524221E8 2.37662906E8 5.79745325E8 2.43606655E8 9.64626027E8 4.03618144E8 5.61513976E8 6.76249118E8 1.77450005E8 7.04766075E8 9.27786131E8 7.69425416E8 6.48892182E8 6.09644974E8 6.78589869E8 8.3483202E7 
6.55374591E8 2.40239599E8 3.79487425E8 6.7601726E7 9.34146591E8 9.07311652E8 5.05027752E8 5.48160219E8 8.72311272E8 5.3217273E7 7.34828924E8 9.76170667E8 6.03208967E8 3.01704857E8 3.52223717E8 4851142.0 9.26204327E8 8.77663192E8 5.60439724E8 2.97515817E8 
2.1586777E7 4516283.0 2.27575536E8 7.6310975E7 5.1920885E8 1.2938283E7 2.99172609E8 8.13926628E8 5.97650778E8 8.01787932E8 8.75972216E8 6.4326579E8 4.40113449E8 9.80638703E8 7.44485515E8 5.141543E8 5.53906648E8 4.93007719E8 9.69293946E8 8.61526418E8 
1.72312476E8 7.70362431E8 8536381.0 5.66122236E8 2.00769228E8 4.99211248E8 6.97828321E8 2.86585009E8 9.43733718E8 8.9706043E8 3.62897507E8 8.20947851E8 1.542453E8 9.87746305E8 2.67509564E8 1.5850845E7 7.85127916E8 7.42628498E8 5.80796027E8 8.83431372E8 
1.88931365E8 1.11356118E8 5.6886599E7 8681454.0 4.13126364E8 9.04395971E8 6.59786228E8 3.4168371E7 6.67732657E8 2.09237712E8 4.3772646E8 9.94365442E8 4472880.0 5.23167937E8 5.3760507E7 5.38442041E8 7.39709526E8 6.7731736E7 5.13159089E8 6.28213283E8 
1.77836128E8 8.13476528E8 7.93204763E8 1.27051386E8 7.47457558E8 5.88299697E8 2.77270025E8 8.05912157E8 7.49609107E8 2.68698287E8 1.22604812E8 6.84231886E8 5.35427533E8 4.60445203E8 9.50047037E8 2.96301266E8 8.0101326E7 2.63693334E8 5.33909789E8 4.27824537E8 
6.0059183E8 6.87235237E8 4.91586969E8 1.02723809E8 7.6530644E7 2.7622802E7 3.24959092E8 1.16849796E8 2.76862966E8 6.1077754E7 5.49469193E8 2.13111911E8 1.69220395E8 2.09600634E8 6.1778778E7 7.164245E7 3.94671017E8 9.37411911E8 3.43201674E8 6.48960551E8 
8.27408506E8 5.09836345E8 5.73653991E8 4.1703882E7 1.07105929E8 9.03967186E8 2.39646194E8 9.7334709E8 4.31074564E8 9.892451E7 3.59883452E8 2.06427794E8 8.24031038E8 1.9324746E8 2.3328685E7 6.68152369E8 5.65191396E8 7.97937599E8 5.3712228E8 8.43855666E8 
4.45573929E8 9.35896614E8 1.15541211E8 4.0639685E7 5.2806857E7 2.41978295E8 7.06219592E8 4.5261851E8 3.36401193E8 6.02601601E8 2.46141552E8 5.6954805E8 2.93362893E8 4.99847448E8 3.6745674E8 3.62220531E8 7.32182908E8 2.32189407E8 3.31956965E8 8.50855677E8 
7.2265724E8 8.72484082E8 7.63092961E8 1.1682158E8 5.19653494E8 2.93574173E8 5.65697919E8 5.53370293E8 4.60854731E8 8.42833621E8 2.76124181E8 1.67674355E8 5.81674801E8 2.79210497E8 9.6928876E8 4.4302287E7 4.64954075E8 3.99800466E8 7.64161589E8 6.59372577E8 
1.4870812E8 3.77709498E8 9.15520669E8 5.94977045E8 7.52116357E8 2.08941581E8 4.57335962E8 3.45066513E8 8.48101016E8 8.23273697E8 3.71934037E8 3.26842634E8 5.1026185E8 3.52556641E8 2.99134225E8 9.15801936E8 3.92595261E8 7.69606903E8 8.70835677E8 3.079292E8 
1.62340844E8 6.11831775E8 8.59074408E8 2.79139028E8 9.9462454E7 7.85955585E8 4.59357979E8 4.59916312E8 7.00685209E8 5.13692593E8 1.96125076E8 5.72207194E8 6.81673058E8 3.22937664E8 1.33465462E8 1.85964396E8 8.57846833E8 6.15022955E8 3.01775841E8 9.44352097E8 
2505586.0 7.45815347E8 5.09815479E8 8.79466566E8 9.30328969E8 7.46905736E8 1664816.0 3.94531503E8 7.35001891E8 7.82867955E8 7.39379253E8 7.23877211E8 3.21617008E8 1.91541837E8 4.44669601E8 1.98615581E8 1.17674867E8 4.86521091E8 9.16729238E8 4.43773402E8 
1.20914784E8 1.4503614E7 5.58367788E8 7.11748546E8 2.4787491E8 5.4888393E7 4.88899372E8 9.17305493E8 2.83992618E8 2.497908E7 9.9773414E7 5.80927215E8 6.04221332E8 1.11382221E8 4.17724271E8 8.10193146E8 2.32553669E8 8.6663011E7 1.80255529E8 6.52953539E8 
7.39504836E8 2.90049421E8 9.956369E7 6.41422998E8 9.38524254E8 7.51951367E8 3.93545059E8 1.12916545E8 3.35467579E8 2.2428829E8 2.96318517E8 9.40804212E8 8.09675096E8 4.42095138E8 9.25736467E8 6.3836055E8 6.086689E7 2.86603355E8 5.81644485E8 4.08538267E8 
9.42979033E8 6.45969881E8 2.76190133E8 6.04295551E8 9.24228834E8 6.7705383E8 5.6269851E7 2.36959085E8 5.62112096E8 8.60117249E8 4.68241954E8 6.24206103E8 6.2698159E7 7.08052321E8 3.36323431E8 4599811.0 7.05503802E8 2.42714851E8 8.78626265E8 9.62215198E8 
1.58390407E8 3.83169679E8 6.8579122E7 8.02742578E8 4.81342838E8 2.04130376E8 6.4518454E7 6.01558907E8 9.23653035E8 6.17602664E8 4.76522995E8 5.04607367E8 4.55944873E8 4.0671663E8 2.17103414E8 4528486.0 3.46641234E8 6.97960351E8 6.91149696E8 3.37336312E8 
9.91888165E8 8.96503417E8 1.20576097E8 8.49036004E8 6.38615037E8 8.29025594E8 8.70393871E8 1.66929645E8 6.02323699E8 3.39442702E8 7.45480489E8 2.76959612E8 7.4363881E7 8.65147895E8 3.61103104E8 1.56289513E8 6.37865701E8 5.84863317E8 8.5529327E8 4.39425053E8 
1.67164792E8 5.73923926E8 4.07458829E8 7.06528102E8 8.72469077E8 2.8791188E7 2.55158206E8 3.7417933E8 8.69680601E8 2.9821733E7 1.59750927E8 8.41695954E8 8.04699934E8 4.99791731E8 5.6167781E8 5.00212917E8 7.42204317E8 9.85405224E8 9.87412834E8 4.47087163E8 
7.4080538E8 6.39990406E8 6.22668259E8 2.64786754E8 2.79655832E8 3.17814944E8 3.50222997E8 2.1277288E7 9.75988815E8 3927709.0 9.65784061E8 7.280204E8 8.38737558E8 8.98161245E8 7.31579213E8 8.5205055E8 6.40297204E8 3.47904914E8 9.04918577E8 1.20197241E8 
8.56654712E8 4.81486693E8 3.8775182E8 7.76372446E8 2.5526308E7 8.32476778E8 1.83286499E8 6.56943449E8 3.02807101E8 4.64953317E8 9.17022291E8 9.34563904E8 4.59550209E8 1.10747528E8 2.82095025E8 1.4743656E8 5.54858029E8 6.11911091E8 9.0261323E8 1.78833476E8 
4.4481464E7 5.25126183E8 7.73709334E8 1.8080029E8 1.40587254E8 8.9504377E7 1.33316177E8 4.6323645E7 8.25068088E8 8.85197797E8 3.48219203E8 9.25841383E8 3.6933429E7 4.17471923E8 1.55723358E8 4.56827522E8 2.03733536E8 5.49366475E8 3.92312602E8 8.29285181E8 
4.67633265E8 1.75797015E8 1.61969795E8 5.45332201E8 6.68666044E8 7.8292671E8 2.49362659E8 7.47665935E8 3.90862686E8 5.68864087E8 4.66891751E8 2.8954507E8 1.5136352E8 6.15219256E8 5.39634355E8 2.9802808E8 1.18286885E8 1.93777773E8 7.8508158E7 8.42559232E8 
5.80040266E8 6.6852752E8 1.69517078E8 4.62594919E8 7.56925393E8 6.10500958E8 1.15730823E8 7.30814405E8 4.45301793E8 6.81371213E8 9.08689157E8 7.32560761E8 4.15238085E8 5.61467767E8 7.7210048E7 3.27509361E8 4.44493821E8 6.98852932E8 6.64121054E8 3.26162793E8 
3.64838926E8 9.38328112E8 2.15221582E8 2.61622444E8 5.2113209E8 1.52714434E8 8.2982283E8 2.66189168E8 5.99243129E8 8.43479567E8 5.18501597E8 6.72696056E8 8.65818683E8 3.03758526E8 3.41242878E8 3.52079118E8 4.81054497E8 3.44043358E8 5.7935415E7 4.71541729E8 
6.95051727E8 7.69292893E8 3.13223391E8 3.11771891E8 4.18998769E8 7.65940238E8 6.99006556E8 1.7021686E7 8.74334109E8 1.08252366E8 3.90419634E8 6.68460256E8 7.66209562E8 6.2572287E8 4.34912377E8 8.69063556E8 7.01988016E8 6.86655296E8 1.890884E8 1.07405111E8 
3.81172853E8 5.47820726E8 8.44252406E8 5.28063958E8 4.20081163E8 2.96050982E8 4.59152665E8 3.77967392E8 5.42736503E8 7.64853781E8 4.27195634E8 3.20837679E8 2.68871048E8 2.47614009E8 8.45448298E8 1.6013503E7 1.60590993E8 4.8671425E7 8.24033085E8 8.43268505E8 
1.51173622E8 9.14541516E8 3.77059017E8 4.21850595E8 4.72627501E8 1.69772722E8 1.70021997E8 6.19817871E8 2.23062529E8 9.45410455E8 6.3646239E7 7.88477E7 6.70579698E8 2.32764078E8 9.0427628E7 8.90047788E8 9.77304981E8 6.21150051E8 2.27679449E8 9.47899373E8 
1.45355621E8 4.85510975E8 8.9669048E7 6.82314071E8 6.3594107E8 7.8286614E7 4.51474082E8 3.22887743E8 2.93465503E8 4.49639766E8 3.38475321E8 5.84786251E8 9.18411878E8 3.71116344E8 2.67942444E8 6.82299327E8 7.5952301E7 4.70045608E8 1.12958091E8 8.73950522E8 
5.01643654E8 5.95462768E8 9.73964575E8 3.22152959E8 7.71230634E8 3.1063348E7 3.89506944E8 9.10751617E8 7.38493506E8 5.46674741E8 1.95284676E8 8.0539502E8 6.13240945E8 4.36956924E8 3.49413759E8 9.64530335E8 4.50963273E8 6.34521558E8 8.1839893E7 5.12918013E8 
2.56324649E8 7.04384071E8 7.97132352E8 8.74912576E8 8.64587657E8 2.7641226E7 2.62427466E8 8.31359255E8 2.58226839E8 7.64492233E8 7.46079593E8 2.11806294E8 402945.0 2.50198263E8 9.3761632E8 7.62835238E8 2.2632561E7 3.22302282E8 6.75884251E8 8.43662673E8 
9.0902623E7 7.03407037E8 7.39809815E8 9.91768538E8 8.92643216E8 9.71035808E8 2.14989959E8 7.4157686E7 8.36385885E8 8.3457736E8 2.39365297E8 6.93963127E8 3.36598986E8 4.09042711E8 2.52518258E8 7.57450358E8 5.68105648E8 9.26338099E8 2.25677394E8 6.23084608E8 
4.17653773E8 8.56985089E8 7.33298304E8 5.2173771E7 6.34621974E8 7.28695295E8 1.42130588E8 2.59701278E8 9.88508802E8 2.2933669E7 6.39969216E8 7.24315458E8 5.77767418E8 4.06581071E8 3.03827958E8 5.8042615E7 3.02711204E8 2.13033166E8 9.16061517E8 1.59143077E8 
9.14630438E8 5.25549453E8 7.77001835E8 7.5631308E7 9.83923787E8 4.35392692E8 3.3396372E8 4.92331751E8 5.91962968E8 4.8275453E7 4.9012963E7 5.20945033E8 5.44572171E8 5.94857491E8 5.61680562E8 5.20449325E8 4.29418832E8 5.64513538E8 8.67844242E8 4264270.0 
8.95275727E8 1.2631837E8 9.3228887E8 3.00955855E8 1.18028704E8 2.27172002E8 8.79995367E8 5.26862376E8 5.36468379E8 6.64214875E8 6.69997498E8 6.01873331E8 5.90318268E8 1.17159076E8 9.45684592E8 4.93694226E8 3.73615647E8 5.95888552E8 5.76717453E8 6.11282317E8 
8.28475748E8 9657430.0 2.60263835E8 2.84739661E8 3.47434038E8 5.96442675E8 4.33048628E8 5.6680125E8 4.26974821E8 7.64483136E8 6.60753475E8 1.7015794E8 3.20519293E8 4.9276449E8 6.17589119E8 2.15205075E8 4.76059551E8 8.13185247E8 7.4640302E8 6.04409493E8 
9.11789428E8 5.4366285E7 6.98473839E8 2.62339161E8 5.82497237E8 4.65542455E8 6.9218379E8 1.84501124E8 2.20149004E8 5.58701609E8 1047973.0 2.2348501E8 9.4005648E7 8112939.0 8.84120181E8 8.07511184E8 6.28780864E8 2.28612852E8 4.05582375E8 3.34333736E8 
8.43760886E8 8.17493658E8 7.55365387E8 8.12550587E8 1.31471592E8 8.8956631E8 8.78936374E8 4.32723858E8 9.81391871E8 9.60945409E8 4.51928114E8 1.42316208E8 8.72376805E8 4.44331231E8 4.94074733E8 9.71299291E8 7.06868054E8 7039819.0 2.06956281E8 8.09392861E8 
8.40632738E8 1.2758966E7 9.41344949E8 5.71244285E8 9.73686496E8 1.8984596E7 5.5248422E8 2.0245993E8 9.11220239E8 8.34318252E8 7.85420826E8 7.77251013E8 4.77764286E8 9.5328324E8 7.47549553E8 1.7559084E7 6.73487425E8 2.81043419E8 9.71818986E8 9.238764E8 
4.98443007E8 9.36385424E8 5.1585819E7 8.49579432E8 7.38737356E8 5.78551139E8 3.36894392E8 2.73444471E8 4.0801112E8 1.41984471E8 7.21997191E8 7.29115959E8 4.6828676E8 8.2782487E7 1.25220901E8 8.35650182E8 9.16150767E8 2.41617916E8 8.6482181E8 1.39857883E8 
3.13402399E8 2.10126222E8 7.68263677E8 5.29021348E8 3.6571508E8 6.51227607E8 5.17389547E8 3.01663105E8 2.08520917E8 3.68579805E8 4.28249013E8 5.94394529E8 6.46242235E8 4.6335607E7 5.91880597E8 7.54474794E8 7.0915882E8 4.87604015E8 6.1138393E7 4.20561519E8 
5.41612839E8 8.68491842E8 5.58691459E8 5.28236652E8 8.1591848E8 9.94327971E8 2612708.0 1.92242303E8 5.7825621E8 7.95650235E8 9.98514026E8 4.33962831E8 6.75996705E8 3.33760269E8 3.30972888E8 2.0541163E7 6.90312699E8 3.9912918E8 4.02034494E8 2.61119012E8 
6.03601936E8 3.80662855E8 5.10863574E8 4.66041716E8 2.68157432E8 4.59812664E8 8.46157967E8 9.16470686E8 1.106864E8 3.40743591E8 7.1725487E7 6.14697446E8 4.06692314E8 6.66248552E8 4.25665374E8 7.89554986E8 8.8939945E8 9.88824167E8 3.24883163E8 1.16673965E8 
4.19812382E8 6.67299943E8 5.69208681E8 8.79932316E8 9.3766836E8 3.41639082E8 3.73174271E8 8.48299074E8 9.37452588E8 7.02006058E8 6.18550726E8 4.71374048E8 2.69312818E8 1.129224E8 9.17026578E8 1.07277095E8 1.51621485E8 2.79308854E8 2.99955917E8 3.88142365E8 
9.00099361E8 5.48438349E8 6.10888935E8 5.01323501E8 2.7827941E7 6.30301517E8 9.66638126E8 1.18518876E8 5.1141885E7 4.88611848E8 9.73922614E8 9.40376204E8 5.48307225E8 9.05655403E8 7.41171879E8 3.40737818E8 7.61054834E8 7.56415672E8 1.08858995E8 3.92539955E8 
3.03452681E8 3.40881209E8 9.36773247E8 6.36480299E8 3.48264869E8 2.1816993E8 7.32930118E8 3.13919659E8 9.97858978E8 8.62080923E8 3.86356601E8 4.27085974E8 4.14887549E8 1.14910571E8 2.74778196E8 9.12499189E8 6.87383803E8 8.54846929E8 5.58273431E8 4.17638148E8 
3.3357527E8 5.11982852E8 4.1250419E7 6.56221868E8 8.13633617E8 6.8964064E7 5.87639609E8 8.4078669E7 4.08742517E8 9.64516382E8 7.0798519E8 6.85428984E8 3.52279934E8 8.81571354E8 6.02157332E8 9.88508813E8 1.53574861E8 7.46437437E8 6.37696219E8 3.9812125E7 
6.41612714E8 3.91439327E8 9.71337775E8 9.57832625E8 3.74228025E8 2.40675391E8 7.80060462E8 8.60036353E8 7.07736449E8 6.7019431E7 3.58031016E8 4.10898598E8 2622900.0 3.38219179E8 1.57116557E8 9.74189693E8 1.52815887E8 9.20921571E8 7.01169349E8 3.69296245E8 
8.69243176E8 9.43679963E8 1.88079497E8 5.29215699E8 9.22777029E8 4.3347621E8 5.086301E8 9.36963686E8 8.573417E8 9.35016634E8 3.57478241E8 5.77485194E8 5.20870276E8 6.98037114E8 8.9124447E7 2.83762484E8 1.29961491E8 1.75079976E8 9.80522228E8 7.78663317E8 
4.83501312E8 5.10681012E8 6.02018274E8 4.1817608E8 3.71178376E8 4.22632002E8 6.9603223E7 6.27028299E8 1.8473649E8 3.76960723E8 5.3991531E7 2.84288008E8 2.3297071E8 2.4049665E8 5.55838638E8 8.64398156E8 2.85888809E8 6.58367471E8 6.21442056E8 9.68196036E8 
4.29122904E8 2.48497975E8 3.69562563E8 9.88821501E8 3.96590587E8 3.31159115E8 9.27540402E8 4.9018756E7 1.67569016E8 3.18842383E8 1.33670816E8 1.9188813E7 7.63759244E8 8.021028E7 1.52841736E8 3.7965056E8 8.6258232E8 5.61600796E8 4.73726319E8 9.25920333E8 
5.4862498E7 7.00540617E8 1.08361182E8 8.32421509E8 3.1821745E8 1.97947172E8 1.98730973E8 3.87886831E8 5.51888886E8 2.9177822E7 6.50018676E8 7.94818191E8 8.24411251E8 6.68809683E8 8.56470045E8 7.85719688E8 3.22430477E8 8.80010994E8 6.3359769E7 4.50421857E8 
8.57148487E8 5.76590822E8 4.1733598E8 5.91666145E8 1.84283277E8 7.04291321E8 2.97458687E8 1.30220148E8 3.24098754E8 3.07612368E8 9.0537101E7 5.66146469E8 5.29972124E8 9.49435704E8 1.76909442E8 2.69448481E8 5.47130948E8 4.32941913E8 5.26598031E8 4.21168843E8 
3.27606207E8 3.3879006E8 9.70811917E8 7.55117607E8 4.23111255E8 2.35256899E8 9.10057668E8 8.60758481E8 8.64471263E8 5.45008249E8 9.47658624E8 6.99383416E8 4.54391195E8 9.59402562E8 6.96271467E8 1.58557183E8 4.9764918E7 9.79702935E8 7.95028695E8 9.23915223E8 
5.90391841E8 6.34299885E8 9.96223666E8 6.82749518E8 3.42881396E8 6.72024824E8 3.2995141E7 6.90418913E8 7.1690436E7 5.63859862E8 8.63256138E8 2.8471877E7 6.23651601E8 4.58826203E8 8.00151856E8 4.62471035E8 7.18015772E8 8.34560633E8 9.85620075E8 6.67860767E8 
5.70945253E8 9.5906529E8 6.4116645E8 7.33820281E8 3.51558422E8 4.37343134E8 5.38756588E8 2.77896508E8 3.66040948E8 5.5107573E7 1.74765202E8 2.08312445E8 2.97002272E8 8.51481962E8 2.0121253E8 1.56198451E8 7.8717061E8 8.53580292E8 7.7105638E8 8.66595121E8 
1.49683382E8 1.8808777E8 5.88097922E8 3.84928358E8 1.1644344E7 3.48436457E8 6.17098217E8 7.04758566E8 2.53282553E8 2.40896909E8 6.05991067E8 6.52957654E8 6.91962379E8 2.58884598E8 7.99617823E8 1.80068716E8 5.78458025E8 4.2005222E7 4.83197683E8 8.96455363E8 
1.22319838E8 7.64840468E8 2.83787073E8 6.48948804E8 9.43824009E8 7.70201813E8 4.79270241E8 1.68052507E8 5.61910947E8 1.12556902E8 9.16962056E8 3.32365777E8 7.7068208E8 1.09559144E8 5.27693936E8 3.94739436E8 3.143876E7 3.13088286E8 8.36291901E8 5.93777658E8 
8.12910829E8 4.05935777E8 3.15645306E8 9.34652494E8 1.49236733E8 4.06245626E8 9.09103872E8 5.64798345E8 5.53420883E8 2.19047918E8 5.54729826E8 9.2905853E7 8.23408339E8 1.2698647E7 8.49702E7 4.03735783E8 2.085807E8 1.17766138E8 4.46604877E8 6625179.0 
8.66391027E8 1.46881096E8 7.88363453E8 7.22159983E8 5.32020224E8 8.16293355E8 5.97394137E8 5.59339116E8 8.48350711E8 5.13355569E8 7.3080661E8 9.64657243E8 8.5921784E8 9.98880417E8 8.84799693E8 2.34884991E8 7.55813093E8 7.59293995E8 7.71423948E8 7.76926265E8 
8.4277583E7 4.30735657E8 3.1818292E7 7.0984878E7 2.71938094E8 4.05730043E8 7.04798966E8 6.47373229E8 5.10302295E8 2.02784331E8 8.90967668E8 1.22648378E8 7.44843493E8 4.30239955E8 1.05045819E8 3.57361377E8 7.64769446E8 2.07934648E8 6.92929519E8 9.5558243E7 
1.60384241E8 7.23707615E8 6.0500037E8 2.5271739E7 2.21315413E8 1.96506191E8 7.63515156E8 5.9595223E7 6.85793582E8 8.93830497E8 2.39437053E8 7.79531129E8 6.19334974E8 8477298.0 4.62860191E8 4.02658257E8 6.00592161E8 1.38022547E8 7.31217868E8 3.45763677E8 
8.22801657E8 8.30207471E8 3.50754508E8 4.34936412E8 6.81171501E8 1.58370216E8 8.49279855E8 8.3222107E7 9.09715885E8 5.73291301E8 8.32013632E8 3.03788642E8 3.55458059E8 3.41298115E8 2.17367074E8 2.55655157E8 3.3586533E7 7.2319968E8 7.85797949E8 1.29387754E8 
1.94064099E8 6.74600161E8 2.02413513E8 5.7176714E8 7.48352619E8 2.55365209E8 9.32785924E8 5.21284811E8 5.54331562E8 1.24493045E8 7.61483161E8 2.80426138E8 7.38151028E8 4.66367424E8 9.44107519E8 8.86050091E8 4.43675354E8 4.45347476E8 3.76173397E8 3.55776979E8 
1.43336746E8 8.17874563E8 5.45944173E8 1.86147112E8 9.18632158E8 6.44754365E8 4.53388096E8 5.57415152E8 9.24161904E8 1.40997782E8 1.23701455E8 6.0195677E7 5.86020973E8 5.76581355E8 8.21386492E8 4.00778192E8 9.53519515E8 7.98714363E8 5.79660873E8 4.64780369E8 
2.2621913E7 3.84676473E8 2.00014242E8 3.22910396E8 7.80158646E8 6.54015882E8 4.48016702E8 2.47960778E8 1.79779101E8 7.69875113E8 7.74022877E8 5.78757437E8 2.53776877E8 9.41437811E8 5.21204573E8 3.14639541E8 8.9334366E7 3.02966299E8 2.48383863E8 6.53147071E8 
4.53396446E8 3.89626735E8 4.91427633E8 2.93944619E8 4.37297517E8 2.56274753E8 1.4503596E7 2.23611863E8 6.10430504E8 1.92601298E8 3.61286837E8 8.68781878E8 8.21659866E8 6.76514957E8 3.06245348E8 9.59210901E8 9.67845362E8 6.77363389E8 6.27421314E8 1.77714447E8 
7.60756943E8 6.71573442E8 4.74664863E8 6.90505766E8 7.66825292E8 7.65515582E8 4.9106545E8 9.49324954E8 7.68586883E8 1.33875447E8 7.60365313E8 7.35848E8 8.02345982E8 5.76541202E8 5.99428576E8 2.79216906E8 6.3490571E7 3.72992518E8 1.92378334E8 4.1913356E8 
2.39062944E8 7.70403287E8 7.1803724E7 2.09811427E8 7.26599817E8 3.80146772E8 4.92477114E8 6.4180917E7 6.28921091E8 4.77118516E8 8.1431166E8 5.23095729E8 3.76459944E8 6.97268682E8 1.13827771E8 888983.0 3.21891824E8 9.10962621E8 3.77186302E8 4.0647956E8 
6.76232884E8 1.13264127E8 7.92885584E8 3.68330913E8 7.11243708E8 1.6963363E7 8.5850806E8 9.01915561E8 2.39887049E8 6.60147295E8 2.43441837E8 7.49940476E8 4753194.0 7.47337337E8 6.08291012E8 2.98440354E8 7.53780371E8 6.31695483E8 8.71728024E8 9.25946591E8 
4.63261422E8 8.15526776E8 7.36830476E8 8.78292062E8 3.80042576E8 5.97282152E8 6.41483289E8 2.78212976E8 2.97983557E8 2.5492961E7 6.81217018E8 6.76760793E8 7.58163037E8 6.33544394E8 4.67891477E8 6.32638641E8 6.67976787E8 5.23921934E8 3.33923181E8 1.65928361E8 
1.71190534E8 2.46541279E8 7.69294249E8 5.74275742E8 4.69173277E8 5.72999254E8 4.87369317E8 2.245329E7 6.92950912E8 7.07058962E8 5.5586137E7 5.20320958E8 8.56384223E8 6.91409826E8 5.98374569E8 3.89557609E8 3.82689156E8 7.71719201E8 6.82197962E8 8.6136617E7 
6.89681504E8 2.61218968E8 1.26399411E8 2.93371455E8 8.4354212E8 1.2547185E7 1.48575116E8 5.29457937E8 3.46562916E8 9.48291189E8 9.49485906E8 1.23791914E8 7.11247848E8 2.27655262E8 5.70056454E8 3.07942437E8 5.91307324E8 5.33902749E8 6.11802076E8 3.40012168E8 
8.8949819E8 6.55698477E8 2.02060477E8 3.5218032E7 4.4292614E8 5204442.0 4.06696385E8 8.10877437E8 5.9834061E8 9.66758365E8 1.45484834E8 3.70585769E8 2.33117111E8 2190454.0 5.49168795E8 4.50223723E8 5.5203551E8 2.52311373E8 6.12225416E8 6.27533611E8 
2.95626821E8 9.68830154E8 9.41664505E8 5.7355751E7 8.32775563E8 4.86937769E8 3.79721504E8 1.36217704E8 9.78428219E8 6.06018493E8 2.87096926E8 5.22820397E8 2.76672928E8 1.84427694E8 3.13432778E8 6.45066922E8 9.20119222E8 4.74001599E8 5.53005535E8 8.0963153E8 
4.38420837E8 2.20940368E8 8.6154907E7 2.96667298E8 7.81948832E8 8.41933673E8 4.0755589E7 3.70103176E8 4.51035822E8 4.7872773E7 4.73079714E8 9.63082534E8 8.76876965E8 1.32221559E8 5.63685328E8 9.08446356E8 3.47086614E8 7.67094034E8 8.51506253E8 9.75766747E8 
3.87074138E8 5.57313086E8 4.88107416E8 6.492868E8 6.57816259E8 7.91201902E8 7.84108833E8 5.35225785E8 1.11267387E8 7.96585526E8 6.41070383E8 5.22258896E8 3.56563424E8 6.1457253E7 8.14668758E8 3.35583258E8 9.33338682E8 8.10990395E8 3.38786855E8 9.22832943E8 
4.62889426E8 4.6053237E7 8.55175282E8 1.89207692E8 4.5358195E8 1.4311092E8 3.9634174E7 9.59531235E8 8.73816824E8 9.91375101E8 7.93202889E8 6.86556915E8 4.74025083E8 3.00288251E8 3.75634485E8 3.47689783E8 2.38586393E8 1.48906813E8 1.98470285E8 1.76395974E8 
2.79223085E8 6.8472826E7 5.66319617E8 3.59921546E8 9.43338123E8 9.50441316E8 2.57488096E8 6.01544867E8 9.03928819E8 8.54457045E8 4.68887803E8 4.93437699E8 5.22123001E8 3.54249781E8 3.15200922E8 9.75312324E8 8.29047185E8 4.04145651E8 7.68557963E8 7.64382948E8 
6.0651498E7 8.34866855E8 6.52530539E8 5.3377181E8 7.97279483E8 4.94519842E8 6.3028063E7 7.8934134E8 4.09185154E8 7.39147931E8 3.78726022E8 8.49036076E8 6.89863838E8 4.46951434E8 8.44943751E8 6.4168639E7 2.70977407E8 9.81254366E8 5.67427329E8 4.38686589E8 
6.55818092E8 5.59523635E8 6.36283459E8 1.00307772E8 4.82670157E8 2.99223525E8 1.5348504E7 6.56513888E8 9.35091414E8 8.0601406E8 7.78566231E8 3.28743235E8 5.3052006E7 5.45779202E8 2.52486789E8 8.99725259E8 6.7030776E7 3.99196835E8 6.32788599E8 9.31751111E8 
7.76584538E8 7.36039315E8 6.82763796E8 4.17775966E8 4.25568755E8 6.6119826E7 1.92996774E8 1.2600498E7 4.88103105E8 8.24776588E8 9.84005111E8 2.57980209E8 2.72538625E8 1.33012953E8 3.67400162E8 7.63363156E8 2.75097925E8 4.35888828E8 1.46164567E8 1.33058201E8 
7.7052326E8 7.67484412E8 4.30932792E8 5.40987055E8 2.13982211E8 1.6734955E7 7.76699251E8 2.45775532E8 6.46643903E8 9.75660569E8 4.03168732E8 1.179048E7 4.46753292E8 1.39992882E8 5.52001778E8 3.55830889E8 4.48695136E8 2.01925906E8 3.55497682E8 7.74532688E8 
6.64452905E8 9.25695713E8 9.43795944E8 6.24148836E8 5.85032333E8 6.2891955E8 9.014671E8 1.2221762E8 3.13833367E8 8.06102374E8 5.99401848E8 1.9733442E7 5.89617846E8 5.25444109E8 3.74197199E8 8.52786599E8 9.3635275E7 1.06059028E8 4777152.0 3.24239175E8 
3.036319E8 2.39943579E8 4.4477466E8 2.88856601E8 5.56883403E8 1.61507321E8 3.09240182E8 1.9415486E7 9.15054993E8 6.87206217E8 1.85531964E8 9.16660082E8 8.85606923E8 9.48796076E8 4.40781651E8 5.92581101E8 4.7627544E7 4.25948818E8 8.32117986E8 3.04342724E8 
1.54390107E8 4.47452158E8 8.90870865E8 4.5284231E7 3.40593276E8 6.74938598E8 7.48266335E8 2.09775412E8 6.49159941E8 2.09067418E8 7.97662865E8 6.40305292E8 2.10632494E8 8.65308872E8 3.47167867E8 3.8036499E7 5.7616798E7 8.54957229E8 2.06512694E8 1.72157937E8 
7.37391707E8 5.76724923E8 9.73353323E8 5.8720905E7 5.97714302E8 4.75247644E8 6.36703022E8 2.96245079E8 8.64015518E8 9.5505607E8 9.9899245E8 4.323195E7 4.00594922E8 1.52046628E8 3.33291417E8 7.01825766E8 3.54087247E8 9.59210513E8 6.38516017E8 2.32212426E8 
7.14387334E8 7.935634E7 8.32983489E8 1.63949476E8 1.96384621E8 3.4788848E7 2.35466641E8 7.93271105E8 7.45271746E8 2382153.0 7.22938166E8 7.59513891E8 3.98856469E8 6.221287E7 2.5485068E7 1.79160851E8 2.02219699E8 9.48895132E8 7.21411387E8 7.82602392E8 
3.63226989E8 6.76985566E8 6.2933778E8 4.6564709E7 8.61814315E8 4.75303693E8 4.59144269E8 1.44257748E8 2.81633641E8 3.09738709E8 7.79892494E8 6.45646078E8 7.19557371E8 9.00091224E8 5.90402415E8 2.91847955E8 2.46705019E8 5.43724416E8 3.6947579E7 8.40519308E8 
5.44069573E8 2.47275625E8 1.12572121E8 9.33180635E8 1.6484944E7 6.37406746E8 4.93821775E8 1.7079704E8 9.00589965E8 8.72546989E8 2.3220076E7 1.00522317E8 6.25608825E8 3.09809637E8 7.29610338E8 6.14370395E8 9.60180988E8 9.94739782E8 6.935226E8 3.39678542E8 
2.84139011E8 1.36277353E8 5.11014083E8 9.61578245E8 6.61045388E8 6.05295858E8 5.86970887E8 5.929155E7 2.5546478E8 1.52304026E8 9.97647256E8 9.60922038E8 3.8361115E7 4.78374274E8 2.02258325E8 3.2551116E8 6.54673729E8 5.13087977E8 4.54730859E8 6.46482212E8 
7.89040585E8 2.54264521E8 3.69256104E8 6.37195818E8 3.5880049E8 3.06467666E8 7.27077231E8 5.07192516E8 3.87820557E8 8.18758965E8 2.76983602E8 4.66799245E8 4.70359194E8 8.66895027E8 9.78272632E8 4.08128472E8 3.21088691E8 4.51141339E8 8.6247953E8 6.02099834E8 
2.556588E7 1.88102822E8 4.48963692E8 4.23966354E8 2.54853302E8 4.63446882E8 4.39480298E8 5.73928148E8 8.88657034E8 2.82121953E8 2.38154074E8 9.94768671E8 2.03262328E8 3.03650932E8 6.95811654E8 7.05049575E8 2.3710666E7 5.82305222E8 3.614178E8 6.4252631E7 
1.4077981E7 3.45441991E8 4.38400089E8 5.65357687E8 5.85375898E8 7.38013643E8 5.89935225E8 1.10697902E8 7.37513133E8 8.37235215E8 7.14809978E8 8.68535162E8 5.19917824E8 3.98621563E8 8.24257928E8 2.3064945E8 6.94835742E8 7.33083342E8 1.90212967E8 9.5338118E7 
6.17983198E8 8.34496989E8 6709122.0 6.85572407E8 3.13147714E8 3.78140412E8 9.0869566E8 3.78660115E8 2.10493735E8 4.9261311E8 8.26325249E8 5.71614619E8 4.2744153E7 2.71335264E8 8.17811981E8 4.35532519E8 9.49073167E8 8.34447674E8 7.20245572E8 5.2263339E8 
9.23459628E8 3.77910565E8 6.85286377E8 5.81216723E8 3.6241411E8 5.3825818E7 9.25455677E8 6.06642749E8 6.16407339E8 7.1448391E8 2.86774201E8 1.10545361E8 1.29991144E8 5.22363379E8 5.84791192E8 8.25837191E8 9.67517731E8 1.79287148E8 9.93585394E8 5.8166783E8 
